Id,SalePrice
1461,122420.79341225413
1462,154854.0127859896
1463,185509.9257715467
1464,189005.98432758244
1465,192197.1229369892
1466,174483.1628061206
1467,172276.19601879502
1468,161942.47776093366
1469,185116.6766796002
1470,126631.55339513371
1471,189542.0746784196
1472,100198.55003588749
1473,100235.04071613385
1474,146096.4284360733
1475,113684.16899459303
1476,369768.06291894254
1477,258615.82571373202
1478,288297.7259099978
1479,283697.13831222674
1480,493675.48294556385
1481,336553.24767448165
1482,206860.7264281012
1483,179883.17472428203
1484,168064.17139251655
1485,189384.61001784116
1486,190836.23598246058
1487,334365.3717134908
1488,232535.45626055624
1489,202240.62436894616
1490,232972.39793357687
1491,196454.28915192827
1492,93158.48707639106
1493,185021.9337053905
1494,302519.6583097369
1495,290696.2629385711
1496,239280.92242239884
1497,176367.56962555353
1498,174300.8689884696
1499,160131.13055269793
1500,155362.59853011768
1501,177867.59558073536
1502,141353.43677689912
1503,277870.50856116903
1504,244162.38983649443
1505,227884.81348577884
1506,182857.54929984652
1507,246020.22804597454
1508,205310.54533374883
1509,157381.58514181265
1510,146524.9609066715
1511,154293.242673768
1512,171405.04378039623
1513,143735.60999217356
1514,157889.77948234847
1515,187760.92128843517
1516,151046.66207704018
1517,163479.7179288931
1518,131148.5683582033
1519,218999.81951087058
1520,130385.40427653429
1521,133294.57868695806
1522,171513.99017203914
1523,115274.33042117619
1524,126280.46953837009
1525,123837.58608792338
1526,116511.82762010764
1527,106096.04859055817
1528,130063.16236829598
1529,150855.9036431062
1530,178823.78708008074
1531,115227.16537188934
1532,96856.52206289089
1533,152952.3051798364
1534,117963.76846157707
1535,149199.16864000447
1536,109177.79419157904
1537,69280.53303968236
1538,154648.26533794825
1539,200504.58919802023
1540,95203.36024735315
1541,141040.1297056573
1542,139557.47946640084
1543,205640.4612152324
1544,82827.70591530258
1545,112996.2184871614
1546,138175.7503876259
1547,133263.68369608643
1548,135194.14362806483
1549,118481.4773967916
1550,139789.68450694252
1551,107533.10091980603
1552,140404.83311915825
1553,150662.51855822944
1554,115954.86534397991
1555,167935.59019263435
1556,89713.53674201768
1557,109694.24641425564
1558,99758.01917475552
1559,70667.6581303482
1560,140585.35427646886
1561,132829.75758819096
1562,132404.40293624214
1563,123703.02849827023
1564,156742.90442035615
1565,152768.9636816323
1566,240670.72428996075
1567,76531.241489677
1568,232161.49667477477
1569,137835.2695816216
1570,137871.14455566864
1571,118571.6511603614
1572,145532.39245694765
1573,248765.19700735025
1574,125523.2186494344
1575,232456.12868061961
1576,251216.4398916582
1577,189299.3189929936
1578,141011.60638081006
1579,151327.58559904658
1580,189562.05407534319
1581,155273.14089934365
1582,126219.28399422804
1583,301780.24730112107
1584,220644.9440357836
1585,142478.03594189382
1586,71491.17334155501
1587,105416.94391757285
1588,151008.35162344063
1589,98954.21162023948
1590,130136.96367426911
1591,95075.92073316027
1592,113075.78988077038
1593,122112.51174101478
1594,117160.42941996476
1595,112840.48188475326
1596,230176.6985204393
1597,192344.42734606538
1598,226022.8471276013
1599,170453.83975053855
1600,167085.30689787463
1601,70262.71338948068
1602,118701.4238170765
1603,70447.72047692505
1604,270772.5724987934
1605,242485.30444622374
1606,162670.3384457056
1607,174959.4252411172
1608,217550.68806084504
1609,186150.62602475885
1610,152035.00969280148
1611,140551.07384005506
1612,173573.1582255416
1613,162768.90274234055
1614,122142.78850247695
1615,88510.07878333903
1616,76801.79623844413
1617,89112.56761894196
1618,127989.6103631156
1619,145972.50858330767
1620,168103.12126626342
1621,138041.2471390543
1622,144126.8731774646
1623,264923.545781838
1624,219568.50826428298
1625,121605.64052308207
1626,163903.92755494878
1627,189201.27760866468
1628,282583.98128871724
1629,177989.72501668637
1630,347779.366876324
1631,224996.57693618623
1632,241390.16950386975
1633,170583.9263006252
1634,186501.06095013043
1635,175226.19789327294
1636,154552.7181535258
1637,211166.22158371654
1638,190063.5726362948
1639,179701.23104336017
1640,252275.80878460885
1641,176667.6190628539
1642,236457.55791623532
1643,223964.51415395498
1644,231376.85511664397
1645,202901.43087407108
1646,156692.55498646677
1647,156045.49194401826
1648,132736.31732560252
1649,141484.7855495955
1650,114630.42450499427
1651,121786.1536597179
1652,101198.11957355984
1653,102128.20568743162
1654,145871.4727648288
1655,140054.39815063574
1656,141956.17553154394
1657,149451.8190232861
1658,147738.50861590882
1659,118232.59014708371
1660,152514.2595517364
1661,464652.94585842214
1662,390958.99269978754
1663,386234.60374263464
1664,488481.096881177
1665,299145.3468539346
1666,325307.39002926927
1667,381671.6489810431
1668,340182.6389470219
1669,305880.86306640104
1670,346126.00472190266
1671,264409.5281875284
1672,427613.2837801415
1673,303149.82014262973
1674,243833.0585359059
1675,198482.9680034612
1676,195945.6048449812
1677,218660.44090418227
1678,481039.2912699922
1679,389868.3986132455
1680,340006.2282761014
1681,241454.41765249646
1682,320553.49752234854
1683,180814.5331616056
1684,174071.69968717714
1685,172465.45974629198
1686,171267.11861851256
1687,169665.74185097046
1688,188087.22189304966
1689,193516.15771771062
1690,195499.8283913583
1691,182646.75583758147
1692,257945.61616038677
1693,174441.60096391948
1694,179656.74427994684
1695,162808.75141975092
1696,269717.0468697328
1697,165790.7771669189
1698,355018.64478617033
1699,324946.32823138096
1700,259359.22857826666
1701,279475.2784174745
1702,254981.17558199403
1703,252773.9406275119
1704,286406.6122939164
1705,234882.38406826835
1706,418117.37839626026
1707,208945.062804618
1708,203449.69415947018
1709,282753.4453760501
1710,226529.67927628214
1711,277901.3339740096
1712,274633.27009926236
1713,268596.1087971052
1714,220281.11519373697
1715,211411.52189000216
1716,182502.97768573344
1717,176984.76531730752
1718,135595.0640956634
1719,206746.2975818482
1720,240597.22753852277
1721,162028.42523513502
1722,126461.90815364174
1723,153030.9222095338
1724,217178.0408701821
1725,235980.61116883377
1726,188442.45412784547
1727,157527.7663137294
1728,168779.6897170784
1729,162067.2323730257
1730,150199.79974877991
1731,126308.69607589
1732,123593.45760210464
1733,118156.41438730336
1734,126903.06734393253
1735,128942.99086094993
1736,115993.53049491675
1737,324922.9387933318
1738,239924.61924700293
1739,237617.68226040565
1740,223476.88497597838
1741,193484.18006115398
1742,178861.65449819365
1743,180219.5070194427
1744,313843.6340853698
1745,221060.7178398752
1746,174377.05311182595
1747,216725.1142621932
1748,223991.09143937167
1749,151643.68596890726
1750,128676.97320383307
1751,246068.2832513044
1752,118272.34650692859
1753,146698.65003488032
1754,186146.40561143073
1755,170189.2114203558
1756,126489.97577170988
1757,123205.1938930997
1758,146280.60161358523
1759,159017.59785461074
1760,168084.5789613218
1761,143262.26443221312
1762,177269.83328636526
1763,171016.4349446298
1764,118729.32465448864
1765,175273.20767900956
1766,178707.54222429977
1767,220367.28082920972
1768,146288.5978894691
1769,164249.76627045235
1770,154561.50956829294
1771,126871.82445690701
1772,133698.01620717483
1773,126668.67701311535
1774,143825.31773776424
1775,140064.25637113763
1776,128906.22709398283
1777,106891.25071234764
1778,143114.3970462814
1779,125852.52502065935
1780,170849.1079228496
1781,131113.74557365305
1782,93508.3275595145
1783,147237.58709861926
1784,107957.81741794023
1785,117360.11559571647
1786,140044.15616734468
1787,165475.44530662266
1788,60444.21324889745
1789,100291.50247431801
1790,84441.08234209318
1791,177012.4729878327
1792,154898.445218766
1793,132197.67108745946
1794,150311.21019510587
1795,136030.46853184633
1796,123787.55196553702
1797,109975.66661487176
1798,123834.03898520034
1799,114670.26103369487
1800,132320.09585125934
1801,128375.30865133113
1802,127362.26068121017
1803,145131.79237643204
1804,140620.69892695546
1805,133848.14868414745
1806,124017.65394453298
1807,129395.87242187155
1808,122578.85080773987
1809,129546.31324578765
1810,142885.019039443
1811,87656.28036903426
1812,100528.73689898923
1813,122052.12226324379
1814,94499.03398095942
1815,56529.896543230134
1816,101046.89303974598
1817,118817.97183091535
1818,143738.71103591708
1819,126462.64262529314
1820,57758.10913921377
1821,111938.41882596003
1822,155082.4465701567
1823,45642.499283427074
1824,126793.01872854657
1825,138778.4839821277
1826,109758.29574424247
1827,103047.74899868878
1828,140310.96432389514
1829,118684.70601334289
1830,147302.77619789468
1831,139476.8480007944
1832,80171.29125400336
1833,139657.74633910862
1834,120842.07593817315
1835,122217.27837409505
1836,125533.71684073002
1837,92945.71217099461
1838,126970.96234765522
1839,94140.42699697564
1840,160570.11245227716
1841,140567.8896358282
1842,89969.88369320791
1843,133916.22952800585
1844,140172.6309638759
1845,145069.31378400428
1846,158126.83873240298
1847,167542.20089207374
1848,56266.84084849381
1849,102549.35673502432
1850,118763.49942967593
1851,155774.9219770683
1852,131494.4541672881
1853,134586.0739735136
1854,166066.97135122647
1855,156111.79110437803
1856,229376.5910675372
1857,139735.7659526118
1858,135438.61290704296
1859,115922.1592180958
1860,152896.45647220424
1861,116841.99679597518
1862,303365.4134563344
1863,273399.2108461932
1864,270914.3762665633
1865,345557.59113573446
1866,327581.467029399
1867,231938.48466112174
1868,298955.2111117365
1869,202322.709767878
1870,236442.94608586392
1871,253052.84779277354
1872,175154.16277415972
1873,242330.5180528902
1874,142344.4899166784
1875,194743.98295634444
1876,195871.1531347123
1877,210729.23577725491
1878,204193.12045820075
1879,132724.1135159655
1880,131349.5070813187
1881,250861.29257267705
1882,253169.28627011884
1883,186686.59025884245
1884,202763.47023941803
1885,231261.2964503678
1886,283982.7335570186
1887,206740.18548462488
1888,281611.21074676624
1889,169538.21626388814
1890,127995.08198550258
1891,127016.99741102546
1892,98680.27287229223
1893,130919.28752135408
1894,125597.36808036386
1895,136879.9189254651
1896,126720.43928498977
1897,121408.61419818245
1898,118367.66147113884
1899,160875.8445730179
1900,154896.40628880417
1901,175430.29659821844
1902,149736.27270012497
1903,212534.79482509845
1904,144185.88795890988
1905,197518.84360314914
1906,165078.52552498292
1907,216907.93090536626
1908,109073.72031841964
1909,134753.37215861914
1910,122223.39989245513
1911,221302.7339623531
1912,325515.9209968803
1913,142243.34214736085
1914,54370.48204381951
1915,321883.7350566016
1916,72286.39529093567
1917,252018.70517081965
1918,137571.00324453317
1919,173464.70284069524
1920,155031.72659698577
1921,396584.33249025245
1922,317330.83821492764
1923,224777.61306755888
1924,237478.3207159381
1925,199873.98831303173
1926,394858.5080793945
1927,137490.95267569242
1928,154461.5923710095
1929,130554.30697795608
1930,137310.3077273243
1931,139041.92749683835
1932,137275.73992248895
1933,186731.48612548172
1934,175333.8899361131
1935,167844.94060658058
1936,190678.44550115813
1937,183910.4237276217
1938,169643.6105190955
1939,246025.60614735424
1940,189275.342357097
1941,171561.84753806
1942,180697.1827771531
1943,211066.4100363873
1944,378636.27835884795
1945,402690.98790685105
1946,139874.2915036266
1947,311753.74548968946
1948,168088.44898900343
1949,242993.7411562905
1950,183278.1510564526
1951,253628.35547758994
1952,213903.7425510677
1953,169306.49231293984
1954,187836.38384593034
1955,136731.60626352736
1956,312052.81177220045
1957,153502.45763149517
1958,296783.4005580691
1959,142081.99425733948
1960,115722.1803927239
1961,122546.860650649
1962,101879.88513396283
1963,107362.96386736936
1964,108830.04501321224
1965,140334.35301436012
1966,134599.51627026187
1967,309935.7699525003
1968,429677.20556764584
1969,387777.6786761816
1970,448659.6719290982
1971,480983.4666262429
1972,388565.0670443677
1973,279685.9952757454
1974,326074.7272086767
1975,551296.6804606535
1976,276377.23800314486
1977,360473.6247907175
1978,360899.6962471978
1979,339388.7639116363
1980,203311.18785585335
1981,354131.18430731766
1982,221112.48358251379
1983,206424.81237533965
1984,166969.55068400977
1985,227567.23934919332
1986,218250.36249388062
1987,177718.25585715743
1988,175408.29873309028
1989,186575.30311448945
1990,209955.5111531103
1991,233643.08189961582
1992,210725.9903723439
1993,167516.9403547378
1994,221537.25823818755
1995,181352.945742147
1996,259114.6972054522
1997,309785.1424994093
1998,329449.4972957329
1999,276069.6234795434
2000,323178.21057578846
2001,286015.4210041056
2002,243373.79430343167
2003,262956.75065259653
2004,295737.0727903085
2005,212863.16836413226
2006,216350.70486307106
2007,261658.1724989767
2008,221399.04611700802
2009,194988.7692769558
2010,191578.74737609053
2011,142793.79541667708
2012,174975.54284496524
2013,180521.95887242033
2014,190187.65274982294
2015,206580.96864788875
2016,194746.0280127206
2017,197406.46365916493
2018,124685.07367522662
2019,138196.96472609352
2020,106356.33885939314
2021,108005.34456170826
2022,189050.10643816952
2023,143248.30152860357
2024,263949.9660938115
2025,373289.1410378648
2026,176748.09930022783
2027,157256.93553391873
2028,150354.48306000253
2029,165269.25475751315
2030,274281.33375315985
2031,227413.50308959343
2032,237684.04052062618
2033,256496.6367110162
2034,171641.78991950635
2035,218055.11217055016
2036,200875.24448268177
2037,215690.90984286388
2038,301044.5599314033
2039,234479.91423684318
2040,301266.64135616954
2041,290955.85999567254
2042,201443.40860078135
2043,172039.88280128577
2044,160599.00106705556
2045,209333.9050703212
2046,151563.74279773026
2047,143536.50638068523
2048,136462.49613592666
2049,138529.20910907994
2050,177651.61308528678
2051,107138.17421420834
2052,127454.30750085125
2053,150924.82370272308
2054,94857.76772396402
2055,158856.10415339746
2056,147551.7722521618
2057,114294.32132700882
2058,220802.57748558166
2059,134303.43170148644
2060,173242.63443919888
2061,170194.75356931853
2062,133184.899557549
2063,122748.28553366345
2064,138803.32638314163
2065,119752.85624158685
2066,162559.04194607874
2067,108299.38774248298
2068,139958.73251332671
2069,85033.93108640991
2070,112858.21605213603
2071,95309.31079842178
2072,140745.9933791489
2073,135918.29597416622
2074,176543.19840047671
2075,150089.83642795717
2076,118335.88536775573
2077,157281.32386799116
2078,127364.49675808966
2079,130716.24359188878
2080,120410.06565988445
2081,125612.89898051997
2082,127088.8326770889
2083,148759.49879853462
2084,114253.16466240931
2085,121393.80229844167
2086,108677.30050484651
2087,119958.50527080403
2088,94545.04724332727
2089,79381.7614021421
2090,132005.9212782234
2091,123081.13420695481
2092,124096.14059754166
2093,114203.0526326675
2094,114158.51077582876
2095,149621.8743037906
2096,85961.6359243294
2097,99597.43192004772
2098,145524.0452618489
2099,62473.7296019643
2100,80935.1750172528
2101,112398.09704228814
2102,118314.25413730709
2103,103591.23860141632
2104,135124.80906403126
2105,130955.69881402754
2106,74177.78235892324
2107,197673.8900818324
2108,117881.52473216501
2109,114091.8983147261
2110,126831.12667038041
2111,134428.15669993966
2112,143732.4498331492
2113,121207.89965001613
2114,117435.34105626313
2115,157328.31268712002
2116,118973.42082030821
2117,150449.81896451386
2118,126932.62466285171
2119,115243.42901313024
2120,112543.43003438515
2121,100932.8145236524
2122,118467.40846756668
2123,81394.8863226983
2124,156187.2682466494
2125,125976.36097746865
2126,154018.82839160706
2127,162159.78523463584
2128,128653.20142448731
2129,94577.63609312131
2130,139982.5645846966
2131,141858.02468989766
2132,119027.41990899367
2133,120206.76142108787
2134,124040.92280045192
2135,96159.39705379201
2136,82582.36596111266
2137,115450.58595461848
2138,136105.31821676777
2139,148612.06511490385
2140,145160.53171579906
2141,154618.27347008395
2142,132097.3604565647
2143,146687.33026497634
2144,117511.27184133281
2145,141337.1172740101
2146,178505.16283355834
2147,130825.48937819457
2148,141366.08681758618
2149,155740.76436889282
2150,227431.72515255288
2151,115275.64260604906
2152,161472.45058524286
2153,163278.8545635602
2154,105592.0232086742
2155,140260.294663839
2156,258750.95884564755
2157,228007.97263051168
2158,238392.59672641262
2159,214511.84899105105
2160,178798.24721237045
2161,241960.24047688628
2162,397336.9636082028
2163,357183.6336157842
2164,257186.06856144906
2165,202655.79206648035
2166,149720.8786390863
2167,217717.49131615565
2168,203463.9546667417
2169,197049.84696228677
2170,219567.24190178767
2171,156171.6674048771
2172,131643.8656376344
2173,165810.45526700286
2174,226400.07089892073
2175,296021.12271864107
2176,309043.3120952695
2177,242299.30078559936
2178,209418.00742906082
2179,140581.9329784172
2180,205563.54722010272
2181,189513.1094940554
2182,227679.71806099504
2183,191050.14666380384
2184,120131.78548027432
2185,122614.91325523317
2186,139201.37842335447
2187,150801.99026496438
2188,153566.69840507294
2189,237290.5434649534
2190,85937.40475643546
2191,84391.26400169556
2192,91980.41304148464
2193,109913.60226840756
2194,106543.25422900807
2195,113423.67302939761
2196,101250.87510783927
2197,113382.66818115357
2198,152716.1735163147
2199,188099.7314197007
2200,152715.9350531315
2201,143429.55907218653
2202,212544.527303337
2203,139258.81589329595
2204,181574.48526574697
2205,120832.89754026374
2206,139206.29177451236
2207,215864.794094497
2208,268116.80876629386
2209,238424.3031313187
2210,118310.4578659179
2211,114834.93767402982
2212,116192.81215037829
2213,104758.8468280585
2214,129974.85741282637
2215,103300.54456010199
2216,152076.36923037347
2217,66942.38175159243
2218,72384.73721592796
2219,67526.57217492502
2220,64858.59703332402
2221,321915.0168610759
2222,279013.1419305743
2223,289237.0690579683
2224,205220.31105032028
2225,123438.98742381514
2226,179987.51680074868
2227,194240.22419203544
2228,274016.8139406186
2229,259675.574399463
2230,153611.70915522464
2231,220492.94010663772
2232,178083.67649140052
2233,182931.7252370275
2234,239585.77403104707
2235,214382.917582405
2236,258395.52261961723
2237,319505.70285279286
2238,201011.5074256458
2239,112813.34301330622
2240,155268.63653453143
2241,160560.5551637995
2242,121871.56491400633
2243,125583.73100250143
2244,104971.12323934285
2245,102835.38916049467
2246,146509.43604607234
2247,111176.55444205158
2248,124945.0571524102
2249,122455.05342273376
2250,130849.55664529835
2251,125975.433400543
2252,177348.17628723176
2253,153883.9999538463
2254,173182.8966069529
2255,186017.34415879822
2256,177301.39425521123
2257,203154.64148841295
2258,160304.57073129536
2259,174676.37834647147
2260,155946.2691936087
2261,193522.12984857138
2262,212648.16560505197
2263,395491.5624194776
2264,537712.9011363691
2265,161743.28581868557
2266,298212.89257485414
2267,380637.25277166255
2268,452713.89301302005
2269,152840.8704811445
2270,199091.58038870193
2271,211146.3852766567
2272,208813.98243951192
2273,166117.58627151407
2274,177891.6730268156
2275,170304.49373507523
2276,191223.59476611484
2277,184869.4503504485
2278,143027.84357808344
2279,124818.70421698893
2280,121416.08356538968
2281,169772.76493653527
2282,185667.05795885687
2283,108989.05485150612
2284,113205.285842583
2285,137881.2393631334
2286,123097.4912960816
2287,373991.9554838075
2288,281192.41069812333
2289,384781.8436844676
2290,473330.25988290546
2291,341153.29858623585
2292,434807.79874653573
2293,489955.16465337365
2294,404215.57793868764
2295,484121.38068288675
2296,290841.75274590874
2297,335238.53078002034
2298,331840.8673376751
2299,364633.0747064694
2300,339426.30310465954
2301,320700.86753137707
2302,253968.00477335748
2303,240299.97500291932
2304,253687.2715626732
2305,199128.79852136833
2306,188630.9813166792
2307,197695.13599668647
2308,232558.82068356796
2309,278268.2108407218
2310,219275.01003125537
2311,192343.9887666565
2312,176107.01942039284
2313,171068.97640608033
2314,175433.75174538037
2315,175291.1260806446
2316,187862.72155693022
2317,188280.98428192528
2318,177702.9439356159
2319,171523.94231697856
2320,174027.2162878618
2321,239554.15699645624
2322,177135.48640174698
2323,194041.23398413757
2324,178657.28124053075
2325,208426.104204325
2326,175717.11751028907
2327,200325.18349002782
2328,218804.45750521356
2329,187956.26116600595
2330,175661.04148582078
2331,364420.08057717275
2332,394997.4522455351
2333,322121.61261853925
2334,255458.8884542262
2335,276145.32660055836
2336,316973.9601691322
2337,197277.709967238
2338,273403.5801283111
2339,214504.08254255625
2340,396584.1627979389
2341,216166.42008866835
2342,230487.55438212323
2343,231502.22100138248
2344,214936.08847912902
2345,233362.47706585936
2346,207914.60613850201
2347,196331.6843074826
2348,243254.87348739567
2349,183491.44943594394
2350,304606.3250890967
2351,254329.22863504494
2352,267124.63201455027
2353,254871.10306760922
2354,136322.89685874796
2355,148408.8138025657
2356,152355.40810573503
2357,190484.29876577054
2358,203116.3402781057
2359,129854.10712149818
2360,119124.64109001227
2361,142514.0240107754
2362,274570.8731119208
2363,130308.89444574938
2364,161376.11256572616
2365,216252.51718886202
2366,194715.12586494168
2367,220452.8630386618
2368,212590.32021791983
2369,213844.7051342512
2370,170370.3236078818
2371,167125.72193134786
2372,188874.55271338028
2373,279372.3594286743
2374,312084.9259358013
2375,248978.05732248453
2376,281109.1912758681
2377,353240.5845368546
2378,149873.66168722854
2379,196675.0258456869
2380,150171.17777613975
2381,165832.3041841943
2382,205449.88421194872
2383,202552.22756173296
2384,245533.41584432535
2385,160336.0876656588
2386,134746.53894362814
2387,138830.62694684777
2388,107661.50426214124
2389,126494.17601593764
2390,153213.7504860858
2391,142125.9763150699
2392,118935.69498260226
2393,168985.76846275493
2394,139577.23352063267
2395,198220.96697077368
2396,141612.4959505356
2397,218172.6103975815
2398,128766.05795262761
2399,66657.53441075298
2400,64546.57034363253
2401,116350.37323969304
2402,137216.570509559
2403,142001.43009040304
2404,153670.3098134951
2405,156586.51412469125
2406,140285.62305145158
2407,122800.80114781979
2408,147819.94757533036
2409,121080.09380035233
2410,164835.79998246641
2411,117861.20269223282
2412,155131.34205886332
2413,134502.86362615263
2414,150161.02595159516
2415,131282.0622281823
2416,124877.0258382911
2417,134776.20873382525
2418,132185.60225789025
2419,126476.09274993397
2420,124893.9653692994
2421,144779.67387843758
2422,113521.24851705493
2423,120175.50464147059
2424,150205.40865614335
2425,204713.51986477707
2426,129523.89360780362
2427,140767.38335113737
2428,174128.76727560986
2429,115132.60198298625
2430,133438.7349844168
2431,111496.18626586017
2432,146031.64522392792
2433,145071.99572451026
2434,140256.49042744603
2435,148556.39894568187
2436,111356.77748932685
2437,111831.98952179868
2438,125259.35775480911
2439,106541.40828955521
2440,123158.59617813725
2441,88387.86841559756
2442,97366.55274147345
2443,128267.96713671602
2444,137752.2789829869
2445,91938.28131839767
2446,136927.7670876097
2447,179831.35603085085
2448,132142.156254005
2449,113715.11818978237
2450,150911.81170260644
2451,127482.30633382946
2452,201726.08367872034
2453,96151.86940302051
2454,126754.43016427655
2455,116061.87080419848
2456,135888.56125889445
2457,138851.64459687017
2458,131237.4058212703
2459,113711.40352016338
2460,138863.35172877123
2461,125972.95225788315
2462,137004.23733768254
2463,126343.60046822882
2464,168397.19648004082
2465,142683.22983868385
2466,115261.87938875283
2467,126801.51598871962
2468,85721.7266442885
2469,84401.53731945039
2470,194945.8543089882
2471,199950.21923407644
2472,167263.97463492324
2473,116320.04241604268
2474,85701.83620027709
2475,216442.53663331273
2476,112692.19267375953
2477,130807.17416778461
2478,152737.5579095059
2479,109071.75946407854
2480,156199.94940293307
2481,129918.05391616776
2482,126183.64795420069
2483,117155.01956000458
2484,127570.80019375065
2485,127871.10592361662
2486,160768.78761798338
2487,170468.58355791777
2488,162574.28198952888
2489,154357.96930287173
2490,146818.24871356625
2491,91378.97091073371
2492,195186.2376238168
2493,160215.6228960488
2494,141160.42174708433
2495,89080.8049034606
2496,240500.40840997538
2497,148651.8835737631
2498,114264.38612241298
2499,87886.34521566912
2500,128091.89955947878
2501,131875.31618612757
2502,149512.65782783946
2503,95984.86279363706
2504,177804.4152399163
2505,230168.6797979211
2506,256665.2032268391
2507,277975.0214186853
2508,255124.57827007223
2509,219309.00805956998
2510,218592.42937929055
2511,175944.07988844725
2512,204282.36069555904
2513,220270.15475590306
2514,293343.591613411
2515,152595.37987630686
2516,172860.77962207145
2517,147099.2315875946
2518,150767.1362966519
2519,234411.4081047451
2520,211814.61102947325
2521,188120.34138128487
2522,224163.95797284922
2523,122824.0470253708
2524,138637.19132886158
2525,141718.96458457483
2526,141396.2465525725
2527,122206.34955226118
2528,127471.37042863437
2529,138243.65307172088
2530,124458.16832075105
2531,248757.369970544
2532,223973.8440666943
2533,191719.80261642337
2534,230092.4621260632
2535,297503.44330348994
2536,233716.93346663626
2537,237054.21865683032
2538,178564.4963740459
2539,185839.0745454482
2540,175819.43195546378
2541,179339.9295781301
2542,164679.20662180535
2543,121703.51885578356
2544,117116.81774088278
2545,135497.98807157564
2546,125317.17961476599
2547,135854.85703931263
2548,144216.59394291718
2549,161806.23361460783
2550,741215.8385164635
2551,140537.60922280833
2552,128901.01594607015
2553,78354.14241218919
2554,100712.81621105237
2555,115997.33038637973
2556,103586.92592042334
2557,104298.55193021339
2558,157090.1921693881
2559,135772.30749718266
2560,158539.83706194448
2561,141646.7160492332
2562,142518.2661709809
2563,151941.79487051317
2564,197677.43783556446
2565,143303.56893234642
2566,166069.06039074337
2567,134341.97962210333
2568,202692.07684901136
2569,234391.84379639808
2570,118009.27410841899
2571,187989.94278680248
2572,148173.91863842215
2573,223153.65575053092
2574,312833.8597157937
2575,133456.43488183
2576,119439.94209542283
2577,158664.9040298831
2578,84451.529445533
2579,70082.79310589147
2580,86766.16541936998
2581,93508.23543046182
2582,96095.6255735325
2583,303222.6673319068
2584,178964.0737066683
2585,190101.22147989293
2586,219692.3618385231
2587,189671.97641694962
2588,138432.69544113835
2589,147696.47803807294
2590,200634.76926648902
2591,211909.26645809977
2592,208447.71705955188
2593,254405.11058496742
2594,180388.3961421027
2595,194040.69185693414
2596,302950.5819814329
2597,182059.30548897915
2598,282744.9122199255
2599,331799.7345759045
2600,146138.49657762464
2601,141169.2095286062
2602,80850.78625633974
2603,96605.45812343455
2604,85025.21205966492
2605,78956.21749480061
2606,151900.758089908
2607,191462.71794187505
2608,189959.171982136
2609,169355.90244399811
2610,108842.95837971123
2611,128257.38855977634
2612,155890.23134621832
2613,136832.9521189062
2614,127090.21129816308
2615,151465.57482414765
2616,144220.19019590944
2617,172609.17348658352
2618,202819.37893590305
2619,195322.34861138035
2620,179656.308386629
2621,178937.54147390247
2622,180583.79795267904
2623,243138.62939323645
2624,303288.8114993202
2625,297398.7437521887
2626,171993.75582986383
2627,162459.02690766472
2628,499864.8685097998
2629,534565.149808016
2630,394403.27708475967
2631,470005.7473583529
2632,442393.8599114796
2633,317990.5651122085
2634,427485.4543305068
2635,152522.90341725276
2636,170349.26023163568
2637,169316.65738345662
2638,257553.34291165433
2639,187658.46555351187
2640,149841.40662969486
2641,106432.88031967184
2642,192192.22515184293
2643,103531.55044079115
2644,125964.40312369807
2645,109057.5478397077
2646,98432.72476186913
2647,103745.141650713
2648,147143.1225523003
2649,151081.84565594303
2650,132330.24594495897
2651,142817.26193875965
2652,417137.415767073
2653,257569.65082568175
2654,260546.1940952391
2655,409286.72060321504
2656,336473.1507261879
2657,347417.74250580795
2658,303568.0817413241
2659,307801.18680227414
2660,368227.5858290757
2661,359409.3261226852
2662,363747.3223023298
2663,290076.7235425465
2664,267150.2877048308
2665,333963.80771020363
2666,295491.1830211607
2667,167829.28096248614
2668,177533.44846252588
2669,180161.94832192775
2670,277102.00197261374
2671,180852.215139198
2672,193602.29027990732
2673,199630.2651466004
2674,197671.39354088873
2675,170660.9429137539
2676,191783.33585707092
2677,196054.98616126945
2678,244951.57292957764
2679,279262.0877692508
2680,287125.9798217851
2681,392054.10820258025
2682,330257.21138843894
2683,544582.0473578788
2684,327782.46309460915
2685,331346.08622824965
2686,252743.00864498442
2687,317945.3501334885
2688,212780.82744390602
2689,199884.316847845
2690,426619.72410090995
2691,191407.93019847473
2692,141609.3066632894
2693,199521.579783351
2694,134821.37728029175
2695,191920.8775829358
2696,183619.81436806734
2697,184902.5711672938
2698,196136.6029731817
2699,173834.5446090076
2700,158205.7602126369
2701,147358.87269036498
2702,110402.35230060751
2703,114940.368263464
2704,144706.28983296343
2705,119609.56411497924
2706,111293.77830931969
2707,124637.00611814082
2708,136231.4654273811
2709,104103.64748252454
2710,127422.75099450105
2711,315554.21370293875
2712,393268.38589612464
2713,172192.7249896643
2714,148338.0218542693
2715,171780.970296183
2716,139237.9988469339
2717,195810.58287853905
2718,218755.8194741393
2719,153370.5175213816
2720,170929.8619326278
2721,135614.56953719276
2722,157846.33386808043
2723,140031.70759879373
2724,127427.99238284363
2725,132020.18643854422
2726,151821.40777370596
2727,186322.9120573694
2728,172545.7545341411
2729,147793.5909213776
2730,145422.27425088905
2731,125758.86480720395
2732,133738.76202842983
2733,157949.55646860477
2734,146334.10383460368
2735,134294.11044639346
2736,144213.7426061294
2737,125419.47281374726
2738,135619.90494227805
2739,157778.70881889312
2740,137673.41328789343
2741,143016.92767126663
2742,155457.85296253907
2743,155589.35263568524
2744,161782.57984370977
2745,140868.1885326769
2746,140222.79563121125
2747,141824.56497009553
2748,126027.7601167785
2749,130948.02309868707
2750,138125.51217335463
2751,137931.96117388064
2752,192312.3170526621
2753,146733.59690939033
2754,213736.75025188175
2755,130616.48210773335
2756,98916.6244179662
2757,73313.74815036816
2758,87976.25596605112
2759,163948.7196625611
2760,122332.64581407262
2761,144573.25580705918
2762,143081.69904255136
2763,177223.05264439603
2764,158010.07666911423
2765,273113.8737350359
2766,146610.13160996712
2767,91974.53773364887
2768,134629.04846186607
2769,130024.74396471928
2770,134755.3523817849
2771,111180.20190464573
2772,110075.50530326615
2773,169287.34341844547
2774,143103.97731515812
2775,116254.2524394806
2776,143384.01879208506
2777,148667.30008700746
2778,102952.94638922904
2779,123250.98497905736
2780,96041.90513653841
2781,96329.51141855236
2782,101590.84889444345
2783,102972.74937211839
2784,120256.20197483803
2785,139841.41992480628
2786,68311.93210114706
2787,120812.49195990266
2788,77605.76889811755
2789,164775.07075424888
2790,97426.29763555595
2791,115877.2167550283
2792,58057.18937404373
2793,175010.40370960056
2794,97938.56732202484
2795,125160.16428244946
2796,97631.3405309702
2797,205639.23250598295
2798,102600.06398456088
2799,110438.410413886
2800,69488.42602252612
2801,106315.12432883118
2802,128480.61916663976
2803,157399.68589379982
2804,127955.38674935076
2805,103407.11570551859
2806,86211.54084633988
2807,164927.0119930194
2808,153541.37928696786
2809,134109.25436303066
2810,131452.3448694111
2811,160754.3951578774
2812,153531.3535679193
2813,152258.14977877654
2814,149996.68888379613
2815,94481.10566028583
2816,223098.47987322428
2817,160156.27856059058
2818,133018.9652715419
2819,168269.4680806669
2820,140044.05314291976
2821,111179.39463214515
2822,194400.31902376446
2823,329898.75949572714
2824,174113.1736194209
2825,152024.27613606997
2826,135438.5454364883
2827,133629.85609468954
2828,219299.97505910334
2829,216388.37195061927
2830,227874.51762730986
2831,182280.81407188566
2832,246567.30827409503
2833,285831.6190196906
2834,217313.89729985315
2835,221673.52822452146
2836,191120.563883208
2837,160956.87207777388
2838,150755.16727429116
2839,178170.718379185
2840,195024.54466086932
2841,203123.8507851628
2842,231708.46617943817
2843,143662.8561050527
2844,163119.86193967276
2845,123044.88339438711
2846,208896.2447767977
2847,201358.28863699117
2848,211163.67407248693
2849,200972.2925997297
2850,281517.06748468056
2851,209697.7644119544
2852,238090.23839175174
2853,241780.39040494294
2854,142202.9335140102
2855,199234.8597534786
2856,195897.33831419545
2857,186875.49581879156
2858,195551.771487972
2859,122421.18443996379
2860,128801.6943322905
2861,127932.0935244067
2862,191373.91692416085
2863,132732.4884216385
2864,258790.51306275665
2865,137375.13929700747
2866,139090.50683004805
2867,97158.45854131403
2868,103057.68363217995
2869,102691.11376088495
2870,131135.5174672233
2871,88771.93923937154
2872,58177.50547288407
2873,101407.04045408388
2874,138553.9864398899
2875,115384.92636706999
2876,156413.04128515252
2877,142955.63962491052
2878,170827.22259966208
2879,138838.25569376492
2880,104117.4406935633
2881,145705.35986213663
2882,181485.4890868912
2883,203359.38053202562
2884,204553.49787709265
2885,191369.8452438382
2886,242276.63181196764
2887,93988.21380159777
2888,142452.46960362163
2889,59726.74276044445
2890,79818.83634087931
2891,140588.49098102388
2892,44440.86285057247
2893,67974.54344017836
2894,52459.347128223875
2895,341518.1506658119
2896,290314.1925129601
2897,199418.17355991903
2898,145070.7499934064
2899,203158.13777129387
2900,158553.0742069739
2901,197576.23064649195
2902,176164.92622271966
2903,337270.2666690077
2904,352360.23462179105
2905,89045.40935509551
2906,196265.137094017
2907,109344.0284915976
2908,130788.67865105993
2909,149837.22543057374
2910,79681.91368853164
2911,80478.38365763843
2912,144090.19487640835
2913,81841.52684734626
2914,77109.61157703745
2915,83512.34645822136
2916,81095.74676150733
2917,169427.79354430392
2918,119892.9493603059
2919,218158.68363588385
