Id,SalePrice
1461,119154.25465488246
1462,156593.1982858625
1463,191104.0552149758
1464,196061.63743689822
1465,187840.18919191696
1466,178401.3664119503
1467,177041.88147175658
1468,162624.6076758914
1469,184100.47689774306
1470,129700.26983149971
1471,183243.2330708719
1472,99613.07787801858
1473,101197.933041209
1474,148150.47517073667
1475,114817.05330069578
1476,353890.6364120377
1477,266544.5911390094
1478,290564.8599206126
1479,277827.4123730241
1480,483691.6264701431
1481,335735.8566585216
1482,206863.64983417117
1483,187557.39000791145
1484,170885.28463960937
1485,191133.57210052284
1486,187322.00713602174
1487,328922.1894763258
1488,232995.17302545148
1489,203895.89857222355
1490,230856.84960072892
1491,198358.82736472558
1492,88293.55516434372
1493,189400.12315659254
1494,292948.5342330857
1495,291152.7401136449
1496,242906.89445058323
1497,173962.80877687983
1498,184504.09028950156
1499,165354.3348924711
1500,164025.51368571204
1501,183568.58287997896
1502,139010.12424944155
1503,267920.5976606539
1504,243863.5527392487
1505,221665.4012072894
1506,188132.91965518947
1507,249789.0786132123
1508,204303.72481855308
1509,165380.05041182556
1510,151428.19462427427
1511,150990.34796383546
1512,172373.56990998852
1513,149138.83733764637
1514,154585.8713510466
1515,179672.59475264998
1516,146170.11523886
1517,162597.61616504542
1518,126825.41422188246
1519,220697.2441303535
1520,130720.53899741724
1521,136540.2360556907
1522,172758.64931295128
1523,117164.18609500023
1524,128175.87577445646
1525,120766.91782193468
1526,117270.78528880276
1527,106189.75320706434
1528,128547.53262818823
1529,151841.07679840573
1530,183576.7461865911
1531,113379.39989070811
1532,95512.81001196685
1533,154122.6480944204
1534,124938.59445640475
1535,144899.56404821185
1536,107316.95526246564
1537,68127.11946077058
1538,151791.8156163001
1539,200446.0882926601
1540,94263.66402787881
1541,143571.25134555972
1542,133751.519962936
1543,211072.38370394372
1544,77301.40839232979
1545,117654.19170680831
1546,138352.63153081713
1547,130275.94250254628
1548,136759.74913099187
1549,120585.51870980294
1550,137817.19933033892
1551,106541.73050910825
1552,139166.66126467896
1553,150599.27652751983
1554,118799.10716039923
1555,168555.34182267328
1556,92221.16294259878
1557,107921.52636759687
1558,97614.36470776134
1559,67015.16130574424
1560,136217.08100559746
1561,137145.88239126
1562,131533.8451835088
1563,122656.73461095097
1564,151932.73593751274
1565,158437.5526655954
1566,240861.6021805947
1567,75701.28045873629
1568,233406.83106348998
1569,138313.14907163187
1570,137275.16378220345
1571,109929.63680903245
1572,144874.5315631415
1573,243005.2537977745
1574,123972.70484063738
1575,228358.48604929767
1576,251317.8539739112
1577,186814.32401535515
1578,145378.03787341982
1579,154511.4864551053
1580,192705.2494234248
1581,156104.96765667872
1582,126891.07194179426
1583,294919.0200274537
1584,216020.49072435257
1585,142584.5682551761
1586,71575.76949373783
1587,103421.16329050275
1588,149706.2471292862
1589,102890.03240359426
1590,131393.51164987838
1591,91572.18474572488
1592,112287.05710667532
1593,121734.8457506831
1594,121462.00361295251
1595,111288.58376651576
1596,229996.05938767144
1597,197652.0179783767
1598,236884.10142527687
1599,159072.07298706082
1600,157918.4920426586
1601,69250.0586511981
1602,116866.36174816995
1603,69727.21383093065
1604,263315.0128325026
1605,237124.75818758743
1606,165870.8674295484
1607,173505.5845401635
1608,217503.18717507413
1609,186496.25453337902
1610,160941.42369371525
1611,144742.8892195328
1612,175348.61057667705
1613,166322.3248048272
1614,118493.43428531724
1615,88251.74388272523
1616,73098.24834231427
1617,87655.95834847317
1618,128471.68028049036
1619,148893.05077668958
1620,175898.70838918316
1621,142375.35749384202
1622,148221.45943824094
1623,261745.8642974093
1624,216210.19995489588
1625,120772.74691052867
1626,167265.03538249008
1627,195810.39487241252
1628,281447.88303591136
1629,180357.69093070796
1630,352032.60772464296
1631,238755.5738168313
1632,246129.208354079
1633,172627.93203747927
1634,187206.46343736077
1635,175678.90555448548
1636,152082.66864213656
1637,220261.3552097184
1638,188258.37757853945
1639,189125.34081652426
1640,251698.61116619
1641,176796.81372982496
1642,240115.7636016287
1643,219628.12086444776
1644,236542.24226351592
1645,211497.76709582377
1646,158803.41981847916
1647,157014.91368716565
1648,130554.3242310474
1649,141496.59851067569
1650,118904.57725470746
1651,122416.96143105364
1652,100475.47977908119
1653,102031.8354684366
1654,144656.43874214863
1655,145259.24594606223
1656,145664.36814660736
1657,150096.7331016601
1658,146729.0078988714
1659,120748.35081813377
1660,149831.77385018562
1661,454785.3163908663
1662,380680.6725410123
1663,382538.96724157094
1664,496596.28027832555
1665,291747.9581705789
1666,318378.1404839969
1667,375120.83898422227
1668,326924.6020007647
1669,300377.98927856743
1670,342548.62359233276
1671,266542.6669391856
1672,413918.397671889
1673,300882.07454765623
1674,244887.63892262007
1675,198303.59970917553
1676,199149.09886486887
1677,219752.60662027594
1678,477069.85374493466
1679,382793.39545435045
1680,338123.12028296525
1681,234473.26895281702
1682,317521.2077912702
1683,183883.45144326906
1684,168261.75608773952
1685,168183.05184219126
1686,171246.8251495563
1687,167049.62776716828
1688,185859.9039516895
1689,188202.19468093207
1690,192219.81272508597
1691,180167.74858579368
1692,256355.5502553205
1693,179444.75990113115
1694,181842.66296680112
1695,166751.99044410553
1696,271642.6746339215
1697,171928.7174088643
1698,355038.06679512217
1699,332273.53247403563
1700,265205.76509593835
1701,279279.9559161016
1702,266264.545957706
1703,259618.38707947687
1704,288425.2288348228
1705,236781.39184156142
1706,425037.9541307097
1707,204648.41288458297
1708,201986.30208404857
1709,274248.4066580225
1710,221274.52786352523
1711,274774.8672479956
1712,281194.853436083
1713,259851.9696700083
1714,218048.3591758569
1715,216308.39081316942
1716,180460.47995584615
1717,175047.5835610844
1718,136976.46183386687
1719,203788.89261538035
1720,236780.4400269078
1721,161975.304350783
1722,131934.24735107468
1723,158408.87646831982
1724,215432.53014147023
1725,234979.5456326179
1726,187362.61970278967
1727,149431.4531948645
1728,169355.56314351052
1729,169190.0531191051
1730,150623.86685317257
1731,128499.81147810059
1732,120099.34171141374
1733,114828.45705389844
1734,122971.97082115737
1735,130831.64729446972
1736,119197.02851695241
1737,321872.86273698945
1738,247382.92271688837
1739,237382.7716939473
1740,226792.4816358753
1741,191683.93206503204
1742,186368.42604847904
1743,178509.1483957405
1744,308353.75935793086
1745,225020.9066122079
1746,172999.10995043596
1747,218149.6912678617
1748,226219.06321731603
1749,153262.56377463284
1750,131183.46299539768
1751,245371.2513534176
1752,116883.20410161895
1753,148896.21364064416
1754,189438.50266597967
1755,170312.49704892683
1756,131003.37999830653
1757,123334.03534775817
1758,148114.39108677296
1759,159359.50203017512
1760,171613.73763609494
1761,140315.52542993388
1762,178572.4711871942
1763,169648.33342183172
1764,120047.52066731476
1765,174766.80774920617
1766,168614.1308089866
1767,214043.4884445163
1768,146384.6778036847
1769,164525.87549822318
1770,156502.29941069437
1771,128789.16678151416
1772,130277.75120266779
1773,133922.11456629983
1774,143540.47626292618
1775,142340.69272782613
1776,128896.86316754483
1777,106233.28749399337
1778,142141.90998576782
1779,125442.2627414283
1780,168281.1019561814
1781,132748.72599254327
1782,94291.20808498785
1783,148860.2694208859
1784,108462.42395027471
1785,112268.02233070084
1786,132307.69421405927
1787,165840.80282820348
1788,62204.342198234655
1789,98979.23291548458
1790,87579.74549494198
1791,170335.32143881914
1792,158879.75494832516
1793,131853.60931521194
1794,149221.01881610637
1795,133632.9746459099
1796,119790.33289919444
1797,111003.751875055
1798,121528.57793915471
1799,114808.13189222173
1800,134673.1559584837
1801,130330.61550059487
1802,125814.90428230145
1803,147096.67890604053
1804,138066.4420810398
1805,134575.00705459056
1806,126414.14885253529
1807,125357.84876529068
1808,122117.67220960042
1809,130055.87403471684
1810,147778.24127311652
1811,84431.87515042587
1812,98967.0044107634
1813,121920.54536553327
1814,88030.86407644227
1815,53749.64746171337
1816,99561.36878646356
1817,115858.32639831245
1818,144722.62416787245
1819,128883.52388477666
1820,57108.00679845374
1821,111711.8079562275
1822,154191.93086664475
1823,46501.597146326654
1824,123233.67757597181
1825,144195.12869596473
1826,108811.83612757419
1827,101898.92396960148
1828,143842.34714381635
1829,119076.1963635006
1830,150009.85487808596
1831,141735.157961134
1832,77401.07463691237
1833,144248.57489813076
1834,115292.81504859847
1835,120049.02882379417
1836,126171.48718520037
1837,97936.6567266615
1838,122407.26144749873
1839,93398.23018533208
1840,161919.5354538087
1841,138105.36291828062
1842,92455.76941085474
1843,136037.97511741635
1844,141338.20597967188
1845,148536.66553130237
1846,158665.21835860374
1847,175527.63509495358
1848,54654.398073104734
1849,104379.68145962676
1850,116738.30322229315
1851,150733.363944753
1852,131704.8063083242
1853,132227.23813877229
1854,159972.0827884136
1855,159759.70424976927
1856,227000.48330418128
1857,128218.48710884688
1858,139882.27949690245
1859,112251.9258375799
1860,147265.8051187534
1861,113592.02354717517
1862,309469.77382060874
1863,272057.2035561945
1864,269614.3750611293
1865,340619.51672210766
1866,309785.9291684646
1867,227012.1297653914
1868,298175.60172795097
1869,198129.6145967375
1870,233899.94735528858
1871,243891.47526005915
1872,171849.319878928
1873,241655.66143634863
1874,145423.2503506114
1875,202393.33577608698
1876,205587.4994172325
1877,213810.13413087558
1878,202088.23888154802
1879,132769.10200870995
1880,132584.2238923904
1881,249584.36654816143
1882,253945.05460773647
1883,185853.94849325257
1884,201589.43973337833
1885,222523.18973092682
1886,268938.9439183906
1887,206096.99291442364
1888,279143.4541913712
1889,173767.72226271953
1890,129031.01064374755
1891,134671.3953379262
1892,95659.69982547087
1893,133318.00724269656
1894,125307.085835685
1895,133145.18360947998
1896,124010.43523138844
1897,116444.10203399579
1898,120158.20701637231
1899,160616.04529414742
1900,160227.7707051793
1901,180915.66465069834
1902,148346.30409268642
1903,222484.99911507402
1904,148034.7515267921
1905,201048.54606243985
1906,183798.85722631542
1907,219933.9898680866
1908,109194.11751354752
1909,131522.14419489968
1910,119738.66951915914
1911,230190.84711439427
1912,330662.82718497526
1913,136968.89369349997
1914,52266.86713774084
1915,324144.46276160714
1916,71785.82409839603
1917,248984.5489375736
1918,137852.70698261433
1919,178493.40762130462
1920,158592.01258399227
1921,371198.3334813885
1922,307112.0694570844
1923,232781.4359114058
1924,234796.57253095924
1925,203513.24237764347
1926,382117.5590938317
1927,140365.0660634515
1928,158861.8289998447
1929,134685.4290700747
1930,137981.91213801815
1931,135706.57930222762
1932,141432.41925092044
1933,184185.40380300581
1934,179254.3018134935
1935,173420.74827763642
1936,195215.76297965602
1937,189302.75302347165
1938,168899.91028419146
1939,254595.46892823698
1940,183964.2164166075
1941,180789.9024572407
1942,187884.31115976538
1943,205145.39787672256
1944,379729.1428199172
1945,399029.9064948895
1946,143013.5587023016
1947,317708.01129060745
1948,171689.14733873442
1949,236245.88321875024
1950,184544.95192229803
1951,243337.0815107159
1952,210721.17195508545
1953,168836.34311804947
1954,192627.1821203597
1955,142448.3709069106
1956,299265.7781758232
1957,157020.4858519843
1958,287098.696015201
1959,136206.0021851913
1960,114733.15907173975
1961,122484.76289668307
1962,100135.86348698603
1963,105492.88158624653
1964,109406.97897826236
1965,140430.93679136352
1966,140074.45963843432
1967,329800.4833199314
1968,431637.78702209523
1969,378514.0389657629
1970,425838.3971826588
1971,473612.411001836
1972,382144.2060529924
1973,271284.21056330024
1974,325087.2770069185
1975,573469.7504552293
1976,273433.83680303826
1977,364016.21166458935
1978,355874.1520237671
1979,335960.05885283893
1980,206829.70846306518
1981,355857.7640182415
1982,223370.2913773499
1983,209161.31001322102
1984,165001.72474087996
1985,227412.92348115265
1986,218667.51291646675
1987,170103.7080812517
1988,170912.72778353567
1989,182475.60484951967
1990,210264.27043467932
1991,237077.30613894737
1992,212962.68953459535
1993,160444.32764241812
1994,216780.42385879988
1995,180427.28800692694
1996,255161.75052047687
1997,287772.6627921878
1998,326712.7600832833
1999,273154.67045944993
2000,319208.4978066962
2001,283252.08920738415
2002,243818.85092379275
2003,260375.34493734705
2004,305508.97043716867
2005,212259.21640101567
2006,212614.85235874678
2007,257777.02793252814
2008,215793.0869458491
2009,196861.95053138715
2010,185901.29613757055
2011,149903.17363178267
2012,171940.76015562608
2013,184180.01261683222
2014,192784.10159494376
2015,209718.61205080562
2016,195288.0727954355
2017,194409.65802444235
2018,132864.95537565328
2019,137907.70395304283
2020,108163.69693467829
2021,106082.43989708535
2022,195313.85377534686
2023,140351.98477066078
2024,272195.35043568135
2025,382620.998866245
2026,179125.4163168886
2027,163453.03742787757
2028,145654.8588689371
2029,174230.29609823687
2030,276369.92719365004
2031,223927.64844158446
2032,226708.7914014209
2033,250891.66019061423
2034,174780.86775003577
2035,234817.96500469308
2036,205791.95318002856
2037,220342.81563956174
2038,297664.7347908838
2039,247258.2888455764
2040,298004.87601301546
2041,287128.34994100424
2042,203397.8135850285
2043,173976.01345644426
2044,167597.71609233067
2045,206846.63032086592
2046,151293.76831721212
2047,143646.27794463595
2048,134643.16514056115
2049,136210.74223781162
2050,184293.721564274
2051,104569.59482117387
2052,128609.30312822561
2053,150824.2768512924
2054,95045.25114942527
2055,161930.24919466415
2056,146721.5679645093
2057,115121.1716274579
2058,213990.83264830566
2059,135800.78939941083
2060,172741.86512660616
2061,166967.65514515128
2062,131977.93778653984
2063,121114.47860491431
2064,136730.6071899235
2065,120423.70787971902
2066,164707.71879764152
2067,105367.99683545406
2068,138746.26279379686
2069,82768.38643626963
2070,115166.21343825164
2071,97087.10379083111
2072,138428.6225656672
2073,137210.80942255814
2074,169507.79739630083
2075,152679.52774401964
2076,119036.20413422777
2077,161059.68794952295
2078,129148.48711577311
2079,130973.67901287596
2080,121022.96754384245
2081,124268.97128640594
2082,135057.14786679726
2083,148849.42530392253
2084,113584.32673034149
2085,122528.24721638174
2086,111916.11819436733
2087,116624.15873915369
2088,91024.93666625232
2089,77212.99353279684
2090,129715.38121847642
2091,120025.59923217689
2092,126684.2953837117
2093,113098.80811980747
2094,110128.56319091676
2095,145647.47599188925
2096,83323.16355125533
2097,98954.7291531503
2098,145159.40595253865
2099,62212.887828461244
2100,81017.19039554018
2101,113362.31222879789
2102,112616.94342054092
2103,103207.02291907842
2104,132986.88836483477
2105,128283.01643095876
2106,72850.09730163495
2107,198806.2019021227
2108,121313.52559026319
2109,115916.5958166141
2110,124352.69921800443
2111,133951.48269759363
2112,148962.26718019976
2113,120278.35587872118
2114,116626.75866505515
2115,160159.73275559372
2116,121163.42858470893
2117,153258.32567267973
2118,126024.8359619729
2119,113732.1813843602
2120,109152.00141615848
2121,99251.01678682317
2122,123753.9197985671
2123,76776.5955192022
2124,156118.79024424736
2125,124096.69953684723
2126,154383.90449208446
2127,171385.30965803677
2128,124339.90663998874
2129,88438.3607335936
2130,146650.46324147645
2131,138308.9007428424
2132,121395.00039282207
2133,121944.75838337826
2134,131949.638805149
2135,100562.9574253725
2136,80939.1187616767
2137,116943.6405883173
2138,140621.99912752636
2139,150083.83543530843
2140,146424.4586777721
2141,157052.78810256583
2142,128654.16415909762
2143,153953.27215960872
2144,108497.07952918317
2145,141094.64757786936
2146,182703.8909161705
2147,131015.37841815292
2148,141522.01470817855
2149,151013.00614488363
2150,232991.01323144636
2151,110068.5537424905
2152,162711.435861375
2153,163813.17777093724
2154,103998.54687126869
2155,142933.1954476363
2156,253317.68250396452
2157,220026.04020771416
2158,231810.1625409728
2159,213712.227905585
2160,176164.1351007819
2161,236906.41983091767
2162,389151.3722103787
2163,359252.37683013774
2164,252011.19846363945
2165,211539.21611536184
2166,152271.00123225947
2167,216789.59975494994
2168,215802.32701312494
2169,200403.77537229695
2170,223235.29947386653
2171,155972.67965451424
2172,131198.5234551222
2173,174402.83244277368
2174,224704.3015168268
2175,290428.99756812403
2176,303401.1604941353
2177,238747.88722088962
2178,206151.91636195264
2179,140036.1727259588
2180,203742.2407243743
2181,189362.72146761714
2182,226749.370339125
2183,188045.7332195865
2184,121497.32205435066
2185,122916.80756062524
2186,141761.1252960644
2187,153196.25507692184
2188,153841.50823173925
2189,241995.93341392846
2190,87970.03280118146
2191,80182.30590572137
2192,88836.62918393793
2193,116384.15810663058
2194,104540.41613306876
2195,113283.7614803468
2196,100826.47124788054
2197,115060.61886489113
2198,147347.02414730773
2199,192441.75870575797
2200,155846.33117234652
2201,144883.23295240483
2202,220256.69744507544
2203,141725.2684895021
2204,177743.97055190481
2205,124091.89262976557
2206,141295.61583818163
2207,216254.8650603424
2208,266283.5657751084
2209,252135.91843199567
2210,119170.7598497141
2211,115612.23487891034
2212,119191.32907101068
2213,104661.36856916132
2214,130727.05423203939
2215,102849.42336756004
2216,156526.6112367242
2217,68355.97160361681
2218,71364.15296585092
2219,68731.061288102
2220,67421.31719887571
2221,323217.6405066573
2222,273956.78110061324
2223,292648.13053311367
2224,200749.46867249062
2225,126447.36373373441
2226,181103.27225411145
2227,186507.96912238386
2228,271569.84059932997
2229,258657.37905102936
2230,162545.20464823637
2231,214826.87828671266
2232,181175.6034725472
2233,176652.94192100223
2234,236880.33563874546
2235,215925.43939943562
2236,252221.96707986554
2237,310328.70686794905
2238,201295.30011472764
2239,116155.60624173857
2240,156241.46678807947
2241,157533.76691344642
2242,115807.03351869699
2243,122804.37987931543
2244,102392.38184161168
2245,105170.42716309387
2246,147505.1544493012
2247,108941.03044021953
2248,125650.68290424225
2249,121538.07328758716
2250,130248.1033641636
2251,126703.7089743612
2252,178236.4614436986
2253,157960.5036515253
2254,178342.1376716302
2255,187883.20395505914
2256,175112.17575559174
2257,209962.0282659346
2258,155328.24329388942
2259,178382.7140037037
2260,158121.72217120836
2261,190500.14469527826
2262,210460.60495163937
2263,397711.8269960641
2264,564556.1563161041
2265,160571.07983668087
2266,294241.8137917481
2267,387584.4862385117
2268,462631.6661297399
2269,156346.15716278122
2270,198761.3135310362
2271,207974.61088295115
2272,209048.14840939044
2273,167977.99613454164
2274,177696.94132135258
2275,177251.8149811701
2276,196616.4297165611
2277,196047.76908482102
2278,144414.51749635304
2279,120445.37565281139
2280,119974.91591784645
2281,162934.06079906778
2282,178318.7571447361
2283,108966.55210105573
2284,109484.37611495762
2285,143107.23007197233
2286,125482.44147966112
2287,378500.99232604547
2288,277318.4770810612
2289,389535.9233178412
2290,450052.85750415834
2291,333920.93561793223
2292,427986.74268421205
2293,501059.09416290594
2294,394582.57783161936
2295,478963.22019511135
2296,292515.0032023561
2297,322547.51577648096
2298,316436.77608464065
2299,360782.1651136931
2300,340853.4503658062
2301,317177.01790832024
2302,260824.86684372713
2303,249851.68178513946
2304,255312.96620818594
2305,204890.96043854984
2306,190511.6913065329
2307,200414.0679046376
2308,239267.13409072076
2309,272087.4173476086
2310,222796.9912921731
2311,192380.33839701567
2312,174872.14024685812
2313,165810.15192090935
2314,174577.5896043219
2315,170476.14569156253
2316,185292.18683279568
2317,196914.86110384975
2318,174660.93760746237
2319,169762.08111368932
2320,171686.81561856362
2321,236475.38958214654
2322,174191.53308565338
2323,193236.20529219753
2324,190722.14681303306
2325,207549.25356369468
2326,183110.37416940846
2327,199009.4999723816
2328,217180.45376962164
2329,190772.6235580114
2330,176955.80596034243
2331,362012.94868983544
2332,390424.08354792796
2333,321997.08972645085
2334,253761.40127164492
2335,275825.778738715
2336,313396.263177829
2337,201253.137665761
2338,272555.1593473033
2339,217587.72213372268
2340,379649.893889373
2341,219366.5855960154
2342,236416.60590297938
2343,232818.3327984235
2344,226268.2767919255
2345,235260.3705063254
2346,203374.14531951735
2347,193590.14428836975
2348,246162.3486732486
2349,185238.20629043863
2350,298228.1564387792
2351,247627.1921687848
2352,266902.8734902255
2353,261945.04135157418
2354,139810.4386813992
2355,145047.40769351696
2356,157189.0740963153
2357,189748.59976967497
2358,202201.01509003266
2359,127815.34188647798
2360,119248.72674193894
2361,142222.86349977725
2362,281275.6093036289
2363,134065.3298773449
2364,165715.81964893214
2365,215171.81214714143
2366,194303.03948038464
2367,221573.17328192617
2368,210582.40171920235
2369,216174.73365250474
2370,176775.4662236563
2371,171136.16419477467
2372,183008.82029746738
2373,279290.11784952384
2374,306422.98264595907
2375,257781.85516400274
2376,281934.53062561224
2377,360807.8084918916
2378,156243.73713378914
2379,210677.75650071978
2380,152126.94183251538
2381,163494.03328918768
2382,207660.70778138633
2383,204266.54327644472
2384,245810.1510724103
2385,161861.60115387142
2386,136456.58726279257
2387,139334.12998716082
2388,105351.22401825518
2389,124998.85749018268
2390,157459.9888278081
2391,143284.2153247456
2392,119645.01078837177
2393,170187.60800562316
2394,139923.76198253018
2395,199472.87443254088
2396,144938.2741224863
2397,208007.97593149138
2398,130752.50589218349
2399,67498.94735832288
2400,68573.56541166184
2401,117836.05891599318
2402,137332.92379688268
2403,137083.67658448126
2404,151194.6777662183
2405,156491.48379049552
2406,143116.7151556971
2407,119793.0411805882
2408,143951.70349953472
2409,118355.96464503404
2410,165456.04506129576
2411,119040.10893076468
2412,154674.26534897945
2413,136132.50077207733
2414,150564.04071000378
2415,129574.056695176
2416,126084.8726353285
2417,135572.94225393262
2418,135425.75366948088
2419,129939.15596389465
2420,123867.48588168237
2421,147943.9965326099
2422,115562.75131263428
2423,117670.16611088952
2424,139656.38501683692
2425,213677.355633247
2426,133813.2924954712
2427,141460.27249799256
2428,179553.42582640483
2429,114809.94687582972
2430,134333.79289557756
2431,111852.03813103982
2432,145438.27819400595
2433,146567.94873331062
2434,144917.2408757436
2435,149092.49572556006
2436,113958.12965225516
2437,117012.38187176481
2438,123713.1029073142
2439,100732.5578279312
2440,122891.41349527215
2441,84930.90045677072
2442,95513.25982929251
2443,129427.71717613621
2444,138244.23209157516
2445,92200.64526544062
2446,135793.60630407784
2447,175017.61623643123
2448,134725.5840470868
2449,114695.08387119228
2450,153966.85731575967
2451,131268.91120860795
2452,213674.14157503593
2453,93263.74134006567
2454,131517.9239953451
2455,119054.47325170733
2456,139396.69152904043
2457,145351.04491389234
2458,134045.31891420533
2459,107537.86238249777
2460,138888.64610083576
2461,128125.40949970836
2462,141341.0763440946
2463,124676.97692612147
2464,178563.24435295834
2465,139351.88176010145
2466,122704.01759963052
2467,123225.02536791544
2468,88096.88428125528
2469,82809.63505734495
2470,202403.1046450907
2471,205063.2235495447
2472,169983.83551755676
2473,117870.96229125062
2474,85015.32908963092
2475,217407.13235264586
2476,114948.41914326543
2477,125289.66432693774
2478,150783.68377714464
2479,110570.8698784003
2480,159191.82026346287
2481,132661.6471782644
2482,121174.10874150532
2483,117081.47743552389
2484,128650.93792758783
2485,127211.77757215149
2486,165336.5394063452
2487,172500.035040922
2488,167648.56709744595
2489,154763.000297832
2490,147667.3277609737
2491,93323.4969296342
2492,200779.6581644427
2493,157652.44812172468
2494,139708.19664676924
2495,88018.37903796503
2496,235279.90203622857
2497,148029.07556938226
2498,110475.64677892107
2499,85756.5043958216
2500,126998.39987721496
2501,131648.24975637384
2502,149311.94706922627
2503,93373.9159083003
2504,179732.63005019727
2505,231305.64494834174
2506,254152.99589092564
2507,276940.5153033831
2508,252610.06352100428
2509,218187.51111189893
2510,213922.2438540067
2511,173252.63099030007
2512,201270.47313079113
2513,219337.18618511476
2514,304428.09929719893
2515,153790.8451502925
2516,178312.34289885286
2517,149362.75129705085
2518,152234.12720898798
2519,229920.72218879437
2520,215336.23549697697
2521,186389.73012569
2522,226492.0313098815
2523,122328.93856266557
2524,140144.4005960234
2525,147570.85556681463
2526,140873.9541570671
2527,122615.79661979717
2528,126862.614981977
2529,133042.29369521094
2530,123907.12504644012
2531,247443.89723736697
2532,222868.73579669523
2533,192967.01140677484
2534,222903.4134334749
2535,300766.3022754249
2536,230679.49515798222
2537,237815.0466049826
2538,176395.7165522129
2539,180495.71040836774
2540,175228.74337933664
2541,175793.44712262426
2542,164825.4533246593
2543,116132.99746998913
2544,117926.48871381141
2545,133578.69455802467
2546,122585.7734987766
2547,135190.28733093268
2548,145439.4437510673
2549,168344.88261469506
2550,790432.0736359583
2551,143408.49931820112
2552,129451.64912310583
2553,75770.88699027937
2554,98929.206245058
2555,118503.24986025087
2556,102549.51741141763
2557,103025.44905587114
2558,164733.74441219462
2559,135386.2798323076
2560,167716.38954070475
2561,148642.4602045546
2562,149102.91388421325
2563,158288.09514137165
2564,201999.82898304448
2565,143632.88613872
2566,171674.18652043713
2567,136292.10031528794
2568,212894.95026784
2569,241905.99658595814
2570,117573.95652089035
2571,196747.02773330823
2572,140444.54529359355
2573,224459.57474615535
2574,306445.4164085687
2575,134152.29080618633
2576,116703.1094782979
2577,159110.96286018664
2578,82074.20434965564
2579,66914.29457963655
2580,86740.09990352791
2581,94412.08585903909
2582,95992.66077784692
2583,310038.6419660876
2584,176351.93095023528
2585,189700.00587091767
2586,217169.87136891243
2587,191150.24684642287
2588,145610.34102204515
2589,148066.47171800726
2590,194436.89719800907
2591,213625.26675158288
2592,207485.0383117002
2593,252706.67415474734
2594,179860.22935068634
2595,193148.48832539088
2596,300858.5033172957
2597,179210.07757101158
2598,285931.3967228036
2599,318036.1162621051
2600,139449.35594995567
2601,144275.28954482335
2602,79242.82892662594
2603,95496.82595770307
2604,82338.40952772858
2605,77917.40128659982
2606,152475.2714892079
2607,194908.73472257756
2608,195207.71316464376
2609,171315.35574886616
2610,110968.2340772839
2611,136071.33786556407
2612,157698.12757215803
2613,138646.98490411765
2614,130954.6881852094
2615,152510.0674997834
2616,146049.95147267118
2617,172745.29910530042
2618,196489.40631327496
2619,188089.67072885914
2620,184041.01898283703
2621,177650.39646876423
2622,181137.67694604833
2623,240558.03434503474
2624,296450.9904041771
2625,297744.0419934294
2626,171714.82990807944
2627,162823.55289448643
2628,499370.37990274595
2629,530445.2399506663
2630,392474.7750976635
2631,470388.9702719365
2632,449691.6642195989
2633,318911.17181741406
2634,429510.42792910873
2635,151472.40348334293
2636,177008.13620780729
2637,164174.98409267698
2638,257678.37043791587
2639,192938.17147362325
2640,154522.08389788968
2641,106719.20088888935
2642,184916.56912941558
2643,103998.08374411057
2644,124517.50904591611
2645,108501.64094147061
2646,97274.3376194921
2647,103849.2898092483
2648,147130.79982337082
2649,156731.00043240635
2650,139125.3735733109
2651,145671.3748411528
2652,411139.3797983536
2653,256887.71889060532
2654,274667.67515082227
2655,394495.4052942262
2656,329892.31325021083
2657,332936.37354823394
2658,298013.0232742375
2659,296493.24553806044
2660,359717.543744534
2661,351798.44916413527
2662,346503.55117125297
2663,289549.2007085134
2664,262207.6283160501
2665,326049.9447856627
2666,298600.38404199237
2667,161723.17778692069
2668,174531.4441039834
2669,182069.97144683878
2670,269721.2573637345
2671,178663.3240930849
2672,193127.53983298887
2673,199345.8640927697
2674,198802.9141684394
2675,169120.22615089544
2676,185076.1573392731
2677,197801.0416165989
2678,242168.00184590986
2679,277788.0807888201
2680,286757.8667402145
2681,386787.1654758514
2682,330050.73244960146
2683,518808.21632119874
2684,322051.1316799485
2685,321513.42871668027
2686,245080.68264444865
2687,317820.27841309126
2688,219101.77950193838
2689,195715.42506216318
2690,404960.49579048454
2691,192312.46320843662
2692,141766.3400923481
2693,197157.5574095562
2694,141842.9587481464
2695,192659.13733379875
2696,183370.2123327049
2697,185555.31040571554
2698,200062.7376288406
2699,168965.61543488005
2700,151493.06601398365
2701,150031.46651330814
2702,111723.55882839175
2703,116453.9914883516
2704,144977.59557187237
2705,120090.2982955964
2706,119632.21403511414
2707,124990.00600127825
2708,137316.69135197942
2709,105773.2990801586
2710,129110.05548069168
2711,328799.4443732521
2712,379640.3350431437
2713,169377.16621560365
2714,148380.14313544426
2715,176959.98681528535
2716,135435.87252653373
2717,201960.51663632752
2718,211225.91475803475
2719,147819.55233130697
2720,177851.1246304226
2721,133545.10777446238
2722,160665.67855478884
2723,140721.52633878597
2724,125326.37971958407
2725,132557.19019756708
2726,153100.86632828828
2727,181629.44959861142
2728,171419.84742772943
2729,152504.35602534012
2730,148281.56349882865
2731,121555.01782254763
2732,134150.4875261301
2733,158255.23203023954
2734,150021.35567484132
2735,130063.2431320704
2736,149686.88821868738
2737,123867.65068841029
2738,131863.47013084983
2739,154350.47987535622
2740,137185.5739434498
2741,143260.2515258115
2742,150062.04163229148
2743,161054.26864698852
2744,160484.5595742932
2745,139840.30583188267
2746,139271.16196957327
2747,139793.80778916363
2748,126669.6746426585
2749,130381.97824891194
2750,138039.2231816497
2751,138016.88871328658
2752,191182.9505078131
2753,149171.2814117259
2754,212057.47568996638
2755,131586.5890963654
2756,101028.24237838003
2757,73670.51097463175
2758,88807.65267924171
2759,165622.4457159746
2760,126545.27458013846
2761,144597.29646806183
2762,141169.73418346158
2763,179656.3923772164
2764,156438.31694516132
2765,275254.86219227064
2766,149329.47740989542
2767,91438.50687166682
2768,137312.61991975145
2769,131070.01970717714
2770,132513.58746769454
2771,111736.76380941828
2772,106565.17632263071
2773,172247.55406278558
2774,147521.9302729222
2775,117811.66135478149
2776,142999.33742030972
2777,152306.77220313306
2778,102410.68657211075
2779,122629.78956529388
2780,96702.02197477514
2781,91578.26554084328
2782,99420.12461803683
2783,103401.34356628942
2784,114703.91028378249
2785,139314.69375248754
2786,64877.22643866787
2787,120266.03312817062
2788,74878.24039680455
2789,165518.13412454998
2790,96250.81789309473
2791,114785.00461108674
2792,55616.09067201147
2793,179590.2014252721
2794,96397.55947283929
2795,123652.19375042184
2796,94439.76052236596
2797,206697.8819821801
2798,108711.38065517545
2799,114964.56282936937
2800,66352.03360751797
2801,109281.23380614455
2802,130149.65872984393
2803,148110.53367658803
2804,128830.48839485139
2805,103854.06707577925
2806,81598.79860778137
2807,165716.13983099352
2808,156041.95532511684
2809,135261.29549148274
2810,135709.78826345617
2811,164556.50919452135
2812,161993.66876812145
2813,145294.54492390194
2814,146434.14721563514
2815,97911.33908818051
2816,229529.37702649893
2817,161114.93223240128
2818,131828.2611229622
2819,163941.367664318
2820,135623.8222996051
2821,116967.82049172299
2822,191119.57216465735
2823,355986.58737932256
2824,175284.2827874566
2825,151800.11781972108
2826,134213.79388587814
2827,133603.69425488968
2828,213641.14866765993
2829,205559.85201615907
2830,224281.70656339996
2831,178385.73338449333
2832,255584.33517942895
2833,287686.0262872114
2834,217720.89834039344
2835,218202.4057235813
2836,190642.68489818636
2837,166864.89500421888
2838,151851.42986858494
2839,180399.86284498242
2840,197727.37272281965
2841,203354.13502623248
2842,231746.10984104875
2843,146993.5031421999
2844,170686.20425758374
2845,123295.89993211221
2846,213608.18114417378
2847,207161.63265582555
2848,212973.5159664553
2849,200811.16738935976
2850,278136.5708422394
2851,196307.3463272279
2852,240211.29254256462
2853,239079.90541498817
2854,139997.24938852232
2855,197859.00823847365
2856,194313.4876325148
2857,183843.14181977455
2858,194021.0284560715
2859,123507.43415420638
2860,130010.61667876581
2861,126094.3922923162
2862,182702.4932850887
2863,133315.88782567868
2864,252097.52048988597
2865,142280.13037429136
2866,129739.99742981642
2867,96348.62412926008
2868,101537.26177860235
2869,103874.76232145289
2870,126606.51980798952
2871,84461.13362894527
2872,55457.24413517783
2873,99318.52167070986
2874,135924.42261894676
2875,114242.85848120948
2876,154430.51817934657
2877,141710.68351990022
2878,175480.81000378524
2879,134091.6998159618
2880,103838.38837313479
2881,145538.5846587539
2882,183696.19622076867
2883,205992.20519015874
2884,211115.7668202327
2885,194975.57435318897
2886,253000.75297173142
2887,94724.11337774243
2888,145320.88589629307
2889,54458.1801172346
2890,77304.04694562561
2891,143096.93684147502
2892,44253.38771609564
2893,72492.15401580169
2894,51458.14338404807
2895,347643.22893959284
2896,283892.4117133071
2897,204893.3706153963
2898,143524.6908953755
2899,201588.70773098568
2900,166274.8189941471
2901,196422.8490388204
2902,181863.60051947492
2903,335034.27779306035
2904,343550.6057286585
2905,90393.71938140265
2906,192662.65544168378
2907,103894.36287420189
2908,133498.58070039898
2909,146672.5273345642
2910,77784.39664061551
2911,78853.47672392117
2912,150987.0140840506
2913,77236.5592046805
2914,75259.37631992208
2915,78944.3752230922
2916,76496.6795780237
2917,171046.96907666436
2918,118251.8009097832
2919,216760.02126732218
