Id,SalePrice
1461,122970.18141151569
1462,152143.19177518724
1463,178760.61931345763
1464,187434.59113332097
1465,191257.49609904428
1466,172774.7078985269
1467,173900.18506151292
1468,161901.65565088743
1469,185244.86154229872
1470,123475.03199232771
1471,187414.72119617986
1472,99051.87988868303
1473,98451.362851592
1474,141798.78081728835
1475,115062.2960175635
1476,352711.3177439209
1477,256317.94608897186
1478,302119.9084016245
1479,296844.2880995732
1480,478953.27868533303
1481,314816.58511552744
1482,212347.54284743054
1483,179998.89552875672
1484,164982.60671015788
1485,194455.23167837344
1486,193629.7574600128
1487,312167.5972102287
1488,228515.17983353164
1489,201136.55801493957
1490,220246.56023177554
1491,200502.40255161762
1492,90500.08228100887
1493,189812.90429707163
1494,298749.85700246034
1495,286368.73706523667
1496,233701.99547853024
1497,173378.76430661028
1498,175365.81495166762
1499,164147.15220345062
1500,156795.89317689027
1501,175019.36908377585
1502,145225.2506379549
1503,280887.70783672587
1504,240802.02738670353
1505,223663.434805381
1506,181820.0190294988
1507,240060.7472148001
1508,206609.31734174976
1509,160125.93876829365
1510,146025.91271482364
1511,154455.24716565467
1512,169121.60912840554
1513,143562.6618972559
1514,153307.8344873304
1515,184410.36050829716
1516,154625.8157338979
1517,163118.29817434735
1518,127476.39361270801
1519,220495.43617537612
1520,127826.05728285578
1521,130551.136416474
1522,167130.85637783047
1523,111450.86140100031
1524,122926.47579726765
1525,123143.65653214505
1526,116207.80088002377
1527,108705.00127088401
1528,129060.51310573661
1529,148401.9340774024
1530,174817.52089031646
1531,110935.97480061582
1532,92694.57922307643
1533,144823.07866380483
1534,122234.94172794432
1535,145477.5155555827
1536,105612.2461481224
1537,69394.48547918274
1538,151007.93055024615
1539,205620.32859795296
1540,100470.23135181409
1541,141593.80145931186
1542,140431.8693967279
1543,192731.5632346874
1544,85237.65974617981
1545,118784.86221061222
1546,146261.39427975533
1547,134487.18386816938
1548,135985.88828148894
1549,127808.11241915524
1550,142796.55258230495
1551,101706.82591022093
1552,141294.58645221582
1553,143616.77002190347
1554,114632.60836007421
1555,168245.53391253925
1556,87634.30709814368
1557,101017.06881847045
1558,100041.26548153623
1559,67340.03197211413
1560,137554.37880086715
1561,128528.07428333328
1562,134838.9847994169
1563,121719.4285210437
1564,157395.33148384865
1565,152523.56980422465
1566,248797.4255744609
1567,75732.36362040234
1568,241537.9171013062
1569,137164.5661897745
1570,148545.52143181907
1571,125713.73328591677
1572,142771.27191413316
1573,236674.940966563
1574,121571.29901337574
1575,223602.68047018413
1576,253635.83845099728
1577,189332.24796142548
1578,143726.64452179195
1579,144125.21026831973
1580,192585.8572988397
1581,155081.9950949396
1582,127516.30480196635
1583,301362.124565179
1584,219715.1655705464
1585,140428.391770781
1586,71017.88684437553
1587,112732.00526933293
1588,153657.92524216944
1589,95139.56691397565
1590,132709.13027879762
1591,91876.1486053502
1592,108941.85509856245
1593,121367.1918017186
1594,128530.68938537678
1595,113870.74027534887
1596,224844.06035683193
1597,193685.63000121035
1598,227689.29713305234
1599,174185.1066580605
1600,168828.9674515552
1601,67670.36871056288
1602,111849.53524213126
1603,70775.18953145317
1604,255034.15581440044
1605,241491.6337387382
1606,164173.01629632254
1607,168557.47347775628
1608,218076.69667958404
1609,183524.6979574525
1610,149783.3114648029
1611,143568.77377281606
1612,168875.54291545897
1613,162837.3838216111
1614,118154.92767796312
1615,90268.68941767733
1616,77897.82033499177
1617,90733.37112638871
1618,127348.48463484744
1619,144074.48663623483
1620,161089.35767302068
1621,139785.03730172236
1622,145096.88178512463
1623,255989.06706369892
1624,213042.28058866068
1625,120042.21055873299
1626,169458.47254644282
1627,184203.78270567663
1628,278347.97111540684
1629,181630.82099447935
1630,338889.6235694745
1631,229302.72907124305
1632,240009.68783798485
1633,175305.3870602797
1634,183638.35803237563
1635,177831.2370756836
1636,152944.55630630546
1637,190754.49515776866
1638,189299.9424584607
1639,183497.43926935084
1640,247569.07337239417
1641,177981.44493409593
1642,243735.08962810272
1643,217597.9570754703
1644,235163.79664725345
1645,193654.80442948846
1646,160854.4387685985
1647,157302.03544491503
1648,128323.29699504699
1649,143415.56611162244
1650,109807.44351120356
1651,119328.92368066366
1652,102067.41898606741
1653,103543.11161823994
1654,143724.34147113882
1655,138495.9093644365
1656,140195.5446234809
1657,148228.1365720228
1658,144762.62884438146
1659,119882.48213342579
1660,160167.215710782
1661,454809.85184613336
1662,389876.6495051721
1663,387872.74166059255
1664,483581.8343622209
1665,306927.17936616344
1666,325448.90650998475
1667,364865.6950229575
1668,352875.1266046957
1669,309189.8328866118
1670,353810.5985732441
1671,264252.3172965471
1672,421601.61740436783
1673,306345.64661891625
1674,240471.65282305962
1675,199090.69589354878
1676,198831.6344658196
1677,219772.44922021488
1678,468393.7206371929
1679,384106.29484895983
1680,323468.0209086001
1681,251584.75519304286
1682,327272.89996899205
1683,176965.40290796256
1684,176186.42745464967
1685,177318.5871958203
1686,169405.41740030644
1687,172819.16784159277
1688,191114.67910483497
1689,193540.11975852918
1690,200775.53492238367
1691,189312.7888848737
1692,263948.13447991526
1693,174751.70578700487
1694,177945.70477166178
1695,166218.2844569254
1696,265781.45830495725
1697,168501.7000592595
1698,355396.8103038476
1699,316942.7662093613
1700,257037.74466601264
1701,277303.64393804624
1702,252025.47708697352
1703,251282.34795661506
1704,284248.5772606731
1705,243870.3611081289
1706,418069.6748243445
1707,205989.88975906212
1708,202589.091326471
1709,276224.78660798934
1710,227658.28457706535
1711,284661.78391628346
1712,263716.5964181664
1713,269035.56415870524
1714,217488.38632612038
1715,212591.88916835163
1716,183884.36404833282
1717,176424.76603573837
1718,133526.19034364753
1719,210552.85910460315
1720,237715.75400628612
1721,162499.36450207917
1722,123665.3100846403
1723,152795.8918818402
1724,210439.71416499835
1725,241525.02678169054
1726,183492.20992447
1727,156753.0154644712
1728,175616.02977880993
1729,167830.4681288587
1730,155074.4544490824
1731,123641.64297801329
1732,129405.98970856136
1733,118077.36620493198
1734,124869.36267047383
1735,129949.00046519573
1736,115147.24808489419
1737,309259.6502123112
1738,246562.6456232871
1739,231899.02932002672
1740,209755.24090718356
1741,194148.65254990905
1742,173405.97838089973
1743,178930.53548867337
1744,320084.10229308996
1745,221471.93295338273
1746,189783.91892100443
1747,222424.85599260728
1748,214424.01870479304
1749,149628.64123272855
1750,124736.51629294256
1751,240178.79529284828
1752,118497.65503424531
1753,143191.86735882645
1754,182968.7952585742
1755,170412.0834073158
1756,123364.10205785642
1757,123200.23351271912
1758,148466.2060410269
1759,161247.7322413563
1760,162595.40512944575
1761,142335.4844319834
1762,178178.2375865194
1763,172501.44255421447
1764,120850.1292605449
1765,173352.7885619428
1766,172108.72689450684
1767,207377.1729186946
1768,140495.35763523213
1769,167010.7535809149
1770,156017.86208360954
1771,127936.28998870138
1772,132886.75829901133
1773,127121.23909439328
1774,138200.43411366155
1775,139556.91582778026
1776,130540.15015127347
1777,106792.88090424375
1778,140190.1713864071
1779,124271.82645433817
1780,171964.4651850256
1781,126836.50328773967
1782,91267.4070798636
1783,148107.6251880474
1784,107876.36285023837
1785,113660.24601862182
1786,146391.7915428962
1787,165595.9482690492
1788,63515.046026249016
1789,100869.13041667282
1790,85091.72182488805
1791,175634.33004476418
1792,146808.20962697646
1793,133391.6716154958
1794,154398.41196860606
1795,134330.27489766487
1796,135231.05677927673
1797,107751.24121263628
1798,124686.71846693942
1799,116265.07233735705
1800,139941.90210890822
1801,130614.52110990176
1802,135335.56045156126
1803,145610.04191334872
1804,143544.34838235116
1805,136751.00017426055
1806,120878.65443911758
1807,134154.02885796962
1808,131103.35587780265
1809,131220.14311398187
1810,137460.54057859728
1811,87882.9166198634
1812,95069.1457390295
1813,124148.9020254832
1814,93530.40370059494
1815,55652.58855845228
1816,100634.8287286719
1817,117581.89285012
1818,146549.1048583048
1819,129699.76728705711
1820,58197.18202460538
1821,115380.81834158757
1822,152403.66795739814
1823,48420.4195189295
1824,130688.86594757624
1825,145698.5432533395
1826,114074.21293843018
1827,101111.04323958071
1828,138390.0912499768
1829,117854.6406774355
1830,143220.7409759138
1831,142419.5705325397
1832,79902.9988828681
1833,136638.8071389151
1834,124299.82234790186
1835,120220.76882815336
1836,115649.13936958933
1837,87342.73883350343
1838,130739.62816148509
1839,97473.75091674119
1840,153668.2693048334
1841,140554.77640439515
1842,93420.76810536307
1843,135704.02909323224
1844,147346.60445004012
1845,151241.37519614396
1846,152226.15170530812
1847,170116.8621196889
1848,57709.2032127255
1849,103642.63466901465
1850,120020.21963095512
1851,156551.55449499213
1852,127500.7363960616
1853,130807.75611624545
1854,164740.97475275386
1855,158002.52583825792
1856,221596.014848118
1857,132711.6376706608
1858,133199.26567111854
1859,116546.61721167639
1860,151324.35972443796
1861,117415.89521897731
1862,312055.3032199267
1863,283148.8973079088
1864,280828.60809997714
1865,356327.335748151
1866,328981.5108657429
1867,229558.9772483207
1868,295305.9686664407
1869,202149.62805629257
1870,234053.3374683022
1871,254857.67897771817
1872,179554.1582682255
1873,244072.12757997456
1874,144765.59622882257
1875,197490.15548103905
1876,193595.00927026395
1877,207959.5125160138
1878,194655.39285751112
1879,132215.9040647734
1880,131646.25797305137
1881,250162.31020601408
1882,248834.96822694136
1883,187047.98356212073
1884,199839.1761793228
1885,228520.76184147317
1886,278697.6064254759
1887,206209.1863188777
1888,267295.833221493
1889,171948.86455403295
1890,129815.90971645634
1891,129854.20919135427
1892,99896.19069726094
1893,131285.07307689692
1894,119244.0795661153
1895,137714.74560313547
1896,125626.88772773476
1897,117557.28013533066
1898,120444.63140639813
1899,161338.536195975
1900,151626.5488955446
1901,173660.962066658
1902,144030.3374232057
1903,219394.69619186738
1904,146883.2332171626
1905,193051.68278498683
1906,160928.6237529788
1907,209353.75692453308
1908,108262.42956401384
1909,135521.37217736125
1910,122275.02329535525
1911,225548.38230575086
1912,335740.96051469335
1913,144924.07838047022
1914,56882.85882777496
1915,319371.2223523928
1916,71054.82545369491
1917,249835.1407945906
1918,141159.8167936253
1919,172047.5271117103
1920,153045.1868019471
1921,384609.7417011811
1922,323970.65392349876
1923,222747.7163415128
1924,234612.17085958942
1925,199164.51924020567
1926,388659.1630954299
1927,135989.1928444255
1928,153745.18423701532
1929,126802.2649494551
1930,140094.44548496837
1931,140254.68751011338
1932,140013.73014208084
1933,185306.8577531614
1934,173901.89396147875
1935,172015.16631975543
1936,186390.1220339736
1937,181546.4740930313
1938,170285.42042811954
1939,245682.59589459575
1940,183797.56870399104
1941,167306.0521681964
1942,179847.35642859302
1943,218145.0812695025
1944,380824.7514485093
1945,400168.74523969466
1946,140366.13387582323
1947,319218.485312523
1948,170241.14143631686
1949,235442.87827637547
1950,183076.9852156356
1951,247147.66536540393
1952,208452.00886702933
1953,172219.5401813394
1954,190827.91746297685
1955,136295.51433607156
1956,300675.42798005894
1957,149277.38727068348
1958,284214.83873570384
1959,145678.31593721968
1960,117633.39103149576
1961,123308.00231812541
1962,100517.12604350042
1963,106021.88754334727
1964,108168.76523202816
1965,138242.97517323674
1966,136167.0291484968
1967,311328.10890946706
1968,417779.0665902064
1969,388906.4242179499
1970,414503.7199220341
1971,460406.25478729344
1972,377800.0091113635
1973,287855.5405515822
1974,325353.4726365672
1975,506283.02502580977
1976,278080.95605768374
1977,363442.6648805947
1978,333789.7706968582
1979,331402.2245588299
1980,209267.65813156066
1981,345711.2813171363
1982,224937.54417502027
1983,211973.15961844177
1984,167490.28928841237
1985,219231.05869805874
1986,213425.28432875025
1987,180220.81509219855
1988,178052.9920844759
1989,190417.87659341
1990,212961.38517418352
1991,232601.89491033243
1992,213865.31173821326
1993,169559.9402264489
1994,217093.21830528977
1995,182918.15204151458
1996,255829.19821464588
1997,305864.58774653357
1998,321454.7337201562
1999,281562.8364903136
2000,323010.7776011218
2001,288842.59270128177
2002,239497.17376278777
2003,255590.67193153978
2004,305497.5787180203
2005,218395.04535048548
2006,217907.10743614248
2007,257182.6980888965
2008,223940.4605465142
2009,197486.23343728302
2010,196379.8465925781
2011,143857.73501073912
2012,175972.24365731113
2013,182851.7897659731
2014,186528.67456666005
2015,213062.24220026878
2016,195324.38749769807
2017,199631.2793588708
2018,122015.33917335248
2019,137348.20687884736
2020,102287.96905161999
2021,108886.64369733132
2022,188444.73494764432
2023,143998.52582474338
2024,273404.8576796181
2025,355303.27691743005
2026,173375.0816429071
2027,159438.45345330267
2028,151355.75210812423
2029,160444.8930656728
2030,263958.7819756222
2031,228773.41170345838
2032,243063.0468340628
2033,248892.95352296933
2034,166140.7040907832
2035,218032.44963121283
2036,194972.7897876899
2037,207079.2785359915
2038,303055.3836121678
2039,235351.3699040627
2040,298862.2819398349
2041,306220.58772831433
2042,204524.6296057432
2043,165566.8685102687
2044,155047.03615732936
2045,209277.18284534148
2046,143819.7307520057
2047,142573.1403610321
2048,138884.51914949733
2049,134655.11906790384
2050,176039.60598052156
2051,101222.25309522095
2052,121881.14420505949
2053,148089.7657796742
2054,98557.31768498725
2055,157347.335100245
2056,155838.52857315587
2057,113003.7346196297
2058,217185.48916009598
2059,134136.91839537362
2060,167371.40314558
2061,168127.5983822766
2062,130671.38143329216
2063,126743.91208469123
2064,139488.41233379478
2065,118779.28971746449
2066,171944.45609401638
2067,114475.46112424227
2068,138721.34218927473
2069,85191.04166137216
2070,111835.54282076366
2071,96086.61173582592
2072,138203.83371553768
2073,136703.12205028845
2074,180315.175477921
2075,151232.28179604863
2076,116488.66742835294
2077,156533.78818716228
2078,128910.93334556241
2079,128040.74678860695
2080,119797.95536994863
2081,124147.40224902701
2082,116781.53041556603
2083,147525.10031950672
2084,112505.45466875142
2085,117620.9945802846
2086,119577.02803650983
2087,116899.4271675992
2088,95289.75279784086
2089,77246.38761032265
2090,124352.05311149513
2091,118022.7132582793
2092,123653.65751495231
2093,111717.93545738874
2094,113001.45221457806
2095,152569.3427512924
2096,88007.08589427781
2097,97530.08751492162
2098,146300.73844516402
2099,62196.067216109375
2100,84162.0085240386
2101,113902.07397362647
2102,125419.86554533134
2103,108259.12878069267
2104,139219.68062565778
2105,130086.7371351605
2106,69509.54346037003
2107,195721.0802980733
2108,117931.37900759133
2109,112527.31048412835
2110,124016.13404289732
2111,141276.3417585547
2112,140819.84111520197
2113,121021.19960871423
2114,123352.64323417145
2115,162270.1796711405
2116,116039.05269336287
2117,150423.40881618575
2118,131716.5101389734
2119,112484.49889032473
2120,120203.47794090139
2121,89800.02626864177
2122,122343.77733604872
2123,82906.85876604372
2124,163644.2730893306
2125,122117.92081696996
2126,159960.93053278988
2127,152005.64805900233
2128,128549.68628524305
2129,95634.15036359274
2130,138669.82129129872
2131,147602.70179675418
2132,116408.2690816411
2133,116989.97109210765
2134,126204.58165015845
2135,95470.86618875149
2136,85106.64909643767
2137,112472.41592084625
2138,134972.28062305856
2139,147052.7121713481
2140,145657.1974382262
2141,162773.65038814305
2142,131610.7336998819
2143,140876.58406700077
2144,115301.01757261269
2145,142734.8981342296
2146,173186.28365820006
2147,137984.981943399
2148,139600.2293291669
2149,154178.49288586646
2150,239394.70941770048
2151,120751.07673505654
2152,158332.32675998844
2153,153948.45985203973
2154,101757.49984835726
2155,145632.96133711466
2156,246809.55527033316
2157,226011.89309015207
2158,242422.51562987606
2159,216768.20988125206
2160,181990.38254345843
2161,239360.16156644904
2162,371771.5082514096
2163,367048.0017569822
2164,253564.44381923287
2165,209947.53760359195
2166,153077.1963516321
2167,215994.6307241292
2168,200401.0294742886
2169,200396.4370704787
2170,218227.12640977273
2171,155273.1104838353
2172,131292.85122510907
2173,160782.32361346122
2174,218272.61303139583
2175,282289.2225748616
2176,308566.9812392886
2177,232706.41389374493
2178,215432.91937771803
2179,138298.60859096813
2180,199691.04239487083
2181,188224.84044836817
2182,227029.04690169482
2183,191492.75202404257
2184,116351.12668529115
2185,130763.80096340945
2186,138637.18029620158
2187,155130.59053743188
2188,159288.27946650604
2189,257149.9860748536
2190,83804.45675964595
2191,83241.53797756984
2192,89667.38030442079
2193,112383.51881064927
2194,104939.10172226794
2195,114963.17154730458
2196,106187.50207504407
2197,112077.69924922052
2198,152640.35652580753
2199,184756.9799947791
2200,148463.35513176443
2201,150856.50626228584
2202,213338.78842180668
2203,146462.34088390178
2204,179898.02999498753
2205,113247.97209589375
2206,134875.95709526952
2207,231054.22391802163
2208,275661.37243471656
2209,232067.09508086843
2210,119254.32081883993
2211,111816.04456818462
2212,112895.23106065899
2213,106720.1473487876
2214,125519.53365693429
2215,105087.60259483503
2216,144790.7853749533
2217,64902.08010911171
2218,68895.47053097321
2219,63036.86173136613
2220,65886.40846177322
2221,320330.25844770484
2222,270326.82550127705
2223,283556.93499189406
2224,210739.29861753262
2225,122612.45578141876
2226,175867.71916216382
2227,196596.9748350425
2228,275439.19487577316
2229,258625.43695245442
2230,150293.43860476988
2231,218301.98036700673
2232,171907.83452199228
2233,188624.24078958074
2234,245575.9246577354
2235,208981.46763987298
2236,253416.49712548737
2237,311952.882793831
2238,203112.6645833576
2239,113486.17759693992
2240,151735.061004551
2241,154405.16217629917
2242,119910.31855891255
2243,125278.35217304801
2244,108760.85304983566
2245,101486.77420858467
2246,147466.8980616592
2247,109044.05053166048
2248,121884.71630702128
2249,120642.91863589842
2250,131362.74894797345
2251,118072.84848882999
2252,175513.0138683549
2253,154300.86880760064
2254,181027.9115360995
2255,182502.48580389604
2256,182571.21409133435
2257,199297.97173443795
2258,163753.96104828385
2259,171783.6056610906
2260,158212.21834651794
2261,199268.30858976688
2262,215361.08152269313
2263,404186.51971118915
2264,521688.01140080456
2265,160664.93211543554
2266,300765.2682121308
2267,365790.05685641436
2268,446972.37606206565
2269,152973.43384223877
2270,207397.65199580474
2271,213058.59379129735
2272,205825.86374760416
2273,164420.96159867026
2274,179681.09848312926
2275,166585.02482679818
2276,191904.35178239027
2277,180731.22385905197
2278,146381.4689986036
2279,124985.0226018675
2280,117650.55333254457
2281,165451.0038827894
2282,181365.11246458752
2283,108708.10040423529
2284,112079.87739173249
2285,138411.95768624614
2286,123962.88970029695
2287,380325.8377359409
2288,289488.3079134579
2289,364548.1529032316
2290,446754.79748907883
2291,347884.9760383918
2292,427309.159598605
2293,479659.1912648102
2294,385956.6642289139
2295,487051.4420099435
2296,271381.463588832
2297,355128.2475550395
2298,336752.0644187621
2299,356350.48780886957
2300,338824.6644301938
2301,342631.55595616746
2302,251016.04211368045
2303,238058.82427885433
2304,239164.6880088746
2305,198649.71479653099
2306,191690.54614134505
2307,198063.06119742023
2308,231105.03166552147
2309,281232.6305349953
2310,222506.46350445054
2311,196811.78486605073
2312,176215.3351880509
2313,172156.89430396855
2314,178385.9194686667
2315,179277.2881816017
2316,193955.9065392874
2317,188812.68975667105
2318,181504.79824315623
2319,178264.55124790885
2320,176439.1414825053
2321,239087.23254389956
2322,177465.37317057193
2323,196785.34590979022
2324,185896.31077012216
2325,207823.58294611084
2326,180976.8623045751
2327,200943.14357862904
2328,219002.8252235333
2329,185043.77954436114
2330,173256.53051595562
2331,346771.07148438296
2332,390061.2128018874
2333,316229.86154717254
2334,260209.8065155488
2335,284337.1788277137
2336,307435.6412700869
2337,192655.03353385252
2338,272744.4060842013
2339,212893.96392477528
2340,399423.02456054295
2341,208838.32781968417
2342,231420.3992963223
2343,229985.1773661702
2344,212285.23465398923
2345,222725.8103960411
2346,211347.30740787435
2347,197038.26470180586
2348,245876.79133729666
2349,181581.49434135898
2350,324506.01774922194
2351,258708.55731695515
2352,259725.74408605284
2353,247644.37746203705
2354,135484.34821331297
2355,148073.33149587546
2356,151168.1397775703
2357,187298.36707018118
2358,196905.87214891386
2359,133548.323304207
2360,121249.57683825452
2361,143254.42815387543
2362,265522.7405789617
2363,133396.18674215305
2364,161446.44743788656
2365,217922.5940178201
2366,194831.45674625525
2367,216747.034153962
2368,211360.2993623264
2369,206382.77605700862
2370,164781.45036556377
2371,163385.32951510223
2372,189633.88053968258
2373,274543.7531305789
2374,301688.0319755097
2375,237214.73863970558
2376,281314.8031437398
2377,339881.08404375805
2378,150892.2276903943
2379,189738.16548403137
2380,148345.11073304826
2381,162318.46934591312
2382,200683.0026768345
2383,197872.93311458788
2384,242405.22235024752
2385,162116.56990523153
2386,135063.7250028218
2387,140647.22838850805
2388,106842.17087244621
2389,131228.8034784568
2390,155090.83125962553
2391,141586.50401706202
2392,118749.97687339276
2393,169790.54533031295
2394,139274.8161784453
2395,199482.1231130367
2396,145483.08368559388
2397,208703.6851488021
2398,127574.5403948975
2399,66682.62479113358
2400,66125.95513504249
2401,118924.35387199352
2402,135510.7941073182
2403,140378.10490951873
2404,155425.554828758
2405,151457.16952470172
2406,141004.53347800497
2407,119784.44160245945
2408,143373.90351953584
2409,119977.08294461294
2410,165271.38615045583
2411,120309.20091530487
2412,153065.308027837
2413,131816.56121747367
2414,151741.29130728118
2415,129121.73250437411
2416,126189.76553342713
2417,131065.81985201401
2418,131625.1417704969
2419,120612.46721928738
2420,127089.35298618357
2421,143191.7691283896
2422,116634.96315652363
2423,117232.32414365862
2424,159194.18663443517
2425,201225.8082562532
2426,126814.38547869147
2427,143197.00850233916
2428,174856.04077536112
2429,115042.28068839919
2430,131112.20609400756
2431,112863.29669791255
2432,152035.4364850302
2433,143921.2489194356
2434,137166.3197016205
2435,149744.2180472267
2436,109132.09867685403
2437,110422.9084372614
2438,124013.35152226425
2439,105394.8273502146
2440,122102.37883962551
2441,85436.07369835238
2442,95181.97050184886
2443,127301.14066039573
2444,142058.69099480307
2445,86934.74547584905
2446,127797.26241589902
2447,182836.58308311904
2448,132912.12711453103
2449,114588.82959269156
2450,151419.02967067162
2451,127493.68017183778
2452,199418.28095646878
2453,94783.10465358665
2454,120880.13867491331
2455,120146.87005847826
2456,135275.65220845502
2457,139416.4797937308
2458,139376.02887379078
2459,111396.19278679404
2460,143100.20018076577
2461,127337.35185004894
2462,132482.06912315215
2463,127071.81650682657
2464,169747.34135188445
2465,147944.77575802733
2466,111362.3555950455
2467,137929.78095402513
2468,90742.49060543334
2469,82615.56877373224
2470,194589.04758355595
2471,197590.12106463965
2472,164130.63772228535
2473,108696.04188397022
2474,83667.75104891836
2475,212347.1936874104
2476,113645.83777252646
2477,130542.35971027256
2478,149315.72987689287
2479,109114.23749410255
2480,155594.60726580434
2481,129515.49992441057
2482,124461.56367566925
2483,116827.52013456853
2484,126639.04602872234
2485,130465.44604924286
2486,155212.69875263676
2487,179623.65290693523
2488,164240.79848855332
2489,155572.43131722548
2490,147459.87848531836
2491,89794.74486213602
2492,191575.6167038357
2493,170811.75422354368
2494,148983.89009503953
2495,90449.08170577159
2496,243208.12702511376
2497,150138.1032730674
2498,112586.22206664113
2499,85390.42764353091
2500,120391.42800275395
2501,130547.73433755837
2502,141182.12767895957
2503,90628.42908043167
2504,171228.59484994545
2505,231773.19657216093
2506,258415.09669665043
2507,275787.71675877465
2508,257745.24008133126
2509,218334.92987048108
2510,218081.55149794577
2511,174771.0334055722
2512,207207.036200233
2513,215880.22173525344
2514,267104.19313251006
2515,152876.78195828703
2516,176767.4276377641
2517,145078.84822187296
2518,149958.8683039941
2519,232777.3586468967
2520,218175.43132640354
2521,188287.71398413746
2522,221289.64490153175
2523,123007.93988484671
2524,136183.52731609187
2525,141763.81011200778
2526,145206.81108447982
2527,127054.51742294696
2528,132207.12510150403
2529,139638.1060917108
2530,129576.74480039038
2531,240777.57175562158
2532,225484.6521573438
2533,194330.32969119595
2534,234492.1375772046
2535,279583.0829991175
2536,234990.5106346154
2537,237411.2936070321
2538,183302.11106992117
2539,188139.29272299074
2540,175574.23175855257
2541,185101.76139051604
2542,165805.16775829787
2543,121794.58160907245
2544,115371.56567234428
2545,138819.34058443777
2546,124909.72939475407
2547,138001.09046524263
2548,150248.9921069721
2549,158953.16102896415
2550,742001.0786245231
2551,143370.3202928052
2552,124342.48148213807
2553,79950.79326636482
2554,94731.01366176737
2555,117190.96774252765
2556,104760.76259626575
2557,102770.22432307553
2558,155661.64534426332
2559,134198.6915572566
2560,157965.5711971248
2561,150245.1876042323
2562,141023.19632286485
2563,149467.00919548952
2564,189162.75934012703
2565,137381.1436638384
2566,161832.25030026978
2567,131553.00112525464
2568,197182.59769480614
2569,230765.00375949146
2570,117606.27138165249
2571,181103.27571383285
2572,149365.67224537252
2573,233000.396300569
2574,328538.50510339584
2575,134259.02702907802
2576,114326.48934564884
2577,151215.74247687118
2578,81108.34768668617
2579,68519.85408709213
2580,84545.38022508213
2581,94433.26669566474
2582,94202.40647438259
2583,286825.03809092246
2584,176995.85553654496
2585,187988.1516694308
2586,212325.8509811389
2587,193214.61121920435
2588,138739.03941492882
2589,148622.67554597105
2590,200709.4465201154
2591,217828.08578447506
2592,201445.11865971913
2593,250227.7824649178
2594,186115.7293427329
2595,196551.09696519162
2596,296203.3472066953
2597,179446.2391385127
2598,274338.8760475591
2599,325471.6850323763
2600,141930.3573250186
2601,135480.58673988775
2602,83004.74280325856
2603,96427.25545509282
2604,85899.05767670058
2605,81538.73499567121
2606,153270.89276801728
2607,196653.99651261908
2608,197395.10196074616
2609,168415.40251482264
2610,107250.28828736373
2611,123706.86227003382
2612,156485.4403811689
2613,134105.006497674
2614,127466.85269732182
2615,150201.89493745854
2616,144516.52325701603
2617,172752.03462881697
2618,205978.80182412302
2619,194890.44801536447
2620,179048.04787766954
2621,177128.4463954411
2622,176232.82889400196
2623,240476.65422971966
2624,281473.52315376856
2625,272929.8814833552
2626,167975.5936278374
2627,162140.37479114564
2628,516604.5444912057
2629,548187.5209386689
2630,406259.76499025314
2631,465276.12269175384
2632,446905.33831127227
2633,315068.13269989163
2634,427467.4816771263
2635,150733.46523184315
2636,173886.81600502104
2637,173385.58037867764
2638,261624.8627953111
2639,192235.94247305434
2640,148366.94837035798
2641,103711.6560571458
2642,183490.23440116327
2643,104249.18086223694
2644,124128.37483868391
2645,110590.99017468988
2646,98812.8574601755
2647,104685.51592346582
2648,141788.32391009148
2649,152121.63370383333
2650,132408.46274030994
2651,141208.07813980713
2652,399899.29772362363
2653,260834.4314852688
2654,263565.3796655468
2655,395629.47682180867
2656,345010.8290551619
2657,336509.5089719786
2658,304257.5161250461
2659,309440.46004532155
2660,358459.08706658037
2661,362583.5149432699
2662,374802.07549449237
2663,281884.7358308496
2664,275664.8216403027
2665,332976.8987432348
2666,295095.2336014084
2667,169886.872570403
2668,180507.64167807475
2669,179175.22564714157
2670,278680.0827892223
2671,186409.98721641002
2672,192761.85969430217
2673,196467.72791475325
2674,193922.33358131791
2675,169633.2414837301
2676,193563.9947200777
2677,189944.13608895623
2678,236224.92425689258
2679,286013.36342555
2680,288225.03977823234
2681,398023.2214302449
2682,328510.8681324981
2683,514026.93648370006
2684,324404.33269048535
2685,320448.1725664089
2686,248973.39123610163
2687,305485.3103060326
2688,211840.007138089
2689,205994.78987052434
2690,397784.1420181968
2691,189143.57014030396
2692,137085.1948985455
2693,199870.75292874928
2694,133966.2971134438
2695,192874.1811468412
2696,185840.2178767841
2697,179810.05901278014
2698,184412.06501491877
2699,173151.18943340934
2700,160280.39966138767
2701,152933.57369668386
2702,111061.15129873206
2703,119965.17736948674
2704,146454.84538725973
2705,118215.64670325955
2706,114308.19909028072
2707,123465.99338971394
2708,134349.89532697326
2709,102138.62981086924
2710,125719.20648382907
2711,278667.5898039193
2712,392154.8676380507
2713,170912.02753509936
2714,152138.28565297707
2715,167856.66089700494
2716,144043.95512015038
2717,191806.01505566784
2718,217641.89702002073
2719,156018.53927453933
2720,166888.30354392747
2721,134872.24736483034
2722,156542.51001495856
2723,143945.56170259774
2724,128354.89978634231
2725,132944.40790812564
2726,149378.05869960084
2727,180074.83555815485
2728,175050.4974921568
2729,146742.73556857917
2730,142972.1721225206
2731,124876.59714746558
2732,138138.48171774505
2733,158038.83195970664
2734,150605.81679389277
2735,136198.54470386467
2736,144507.30206233336
2737,125853.0191540861
2738,132676.80942481034
2739,156972.36021790537
2740,136746.66504227396
2741,144554.6986336297
2742,155144.54144160287
2743,147666.37329302664
2744,157984.74592811332
2745,142895.05003407382
2746,142243.6422710495
2747,156670.64460898848
2748,128646.77290421055
2749,127154.26562213314
2750,134687.48756061436
2751,135683.75328488767
2752,202390.78636722374
2753,150070.60797753104
2754,210453.4888090217
2755,130839.30926096678
2756,100123.51533968863
2757,69735.34109172787
2758,92625.95785151309
2759,169340.23020102715
2760,121365.40187980917
2761,142251.77343005766
2762,144385.08330822366
2763,175627.77440209116
2764,155772.9957976788
2765,273717.0282190222
2766,141878.20227181233
2767,91740.0268781001
2768,126560.75215983708
2769,129680.80297323586
2770,137797.71921248722
2771,110442.70450576325
2772,107413.7410032924
2773,171374.88900943333
2774,139518.88646901748
2775,108868.70936327854
2776,146132.29029327826
2777,146929.41442623243
2778,103560.86200828792
2779,122573.66047693785
2780,93590.4543042818
2781,94343.33836637763
2782,103139.12760794896
2783,96712.91891457986
2784,119852.41358062495
2785,139040.37138782445
2786,69324.45499938112
2787,119193.5114144703
2788,72334.20242333459
2789,155794.2229907923
2790,100923.61327966067
2791,113810.92767882992
2792,50801.61732808676
2793,167847.65591061843
2794,102107.22306151457
2795,125164.65127234977
2796,97169.22868335436
2797,195419.6446301819
2798,101103.87043506239
2799,109800.51737504925
2800,71756.49260795026
2801,105014.4106406428
2802,131017.5738959664
2803,160767.9930378751
2804,136011.23672721745
2805,99739.27730961092
2806,84678.34052451458
2807,162320.6284851846
2808,152800.58549135007
2809,133256.45691835627
2810,132414.95195844103
2811,156220.6695006806
2812,153120.13067971624
2813,144854.12335502342
2814,150085.92115535185
2815,92265.27848362079
2816,227310.92416659693
2817,162685.66620618035
2818,137082.16339164943
2819,176447.8083312015
2820,141265.15633200537
2821,107130.24958264669
2822,190553.63923215715
2823,298764.67767579196
2824,167667.25336380122
2825,143008.74628669219
2826,135358.8840514068
2827,134803.93858374422
2828,213019.4049821796
2829,206606.87731156664
2830,214800.5935463512
2831,181123.60426990158
2832,237320.07267631142
2833,297971.93680078577
2834,218809.0622119707
2835,219147.68172386696
2836,196340.42620729495
2837,163864.74133637515
2838,148861.18208331298
2839,180339.96148495615
2840,197160.4939233574
2841,202237.31589391522
2842,231677.3319347533
2843,146881.30820674862
2844,163133.9074680961
2845,123158.65026809597
2846,208378.33335475498
2847,201161.198781334
2848,216770.63699587923
2849,196870.6134350188
2850,277334.8458467516
2851,208624.8342625288
2852,238545.47079916092
2853,244525.87482537088
2854,140669.8186623657
2855,201647.9937655558
2856,199089.30029024289
2857,190446.26367209674
2858,198492.33242009612
2859,127497.69634435311
2860,134402.5036123054
2861,126082.14777879168
2862,195290.4553593152
2863,130637.28653283266
2864,248511.18781267083
2865,142386.4462360064
2866,140283.19886660337
2867,99307.41131258475
2868,101750.7800873703
2869,98285.58824888233
2870,131716.37188867838
2871,91133.74662918801
2872,60485.927133445504
2873,97860.82606389467
2874,129016.03177184389
2875,114967.84552269508
2876,164615.04056509084
2877,142158.74519930853
2878,166497.3162763563
2879,139905.00633779183
2880,99992.62807491183
2881,147546.80508823082
2882,176453.20929153037
2883,201496.73310994712
2884,202289.19043245105
2885,187269.1476485748
2886,231324.1174263252
2887,93073.2250886241
2888,138296.24341187393
2889,62023.39745378334
2890,80680.22366963931
2891,141551.5759326082
2892,43444.61767419844
2893,68208.18926232228
2894,54223.33196626333
2895,330667.4685690111
2896,278112.00294556253
2897,200481.35978065108
2898,145467.13866931052
2899,206567.11029004617
2900,159511.54587740262
2901,205193.54003678684
2902,176509.34703432347
2903,328946.6367535836
2904,354424.9293319528
2905,85811.83565585232
2906,202078.34714390192
2907,113205.65449802509
2908,134964.38988445667
2909,152047.76572579792
2910,79610.5366013541
2911,82273.96023474385
2912,149480.57032930537
2913,80617.33456549284
2914,78911.52058323116
2915,83389.99840856208
2916,83301.10759463301
2917,162230.3742241079
2918,120080.26691254234
2919,221907.8533353675
