Id,SalePrice
1461,121687.99664547938
1462,151961.53061084956
1463,179024.2824041054
1464,187978.71536023874
1465,192019.28367479605
1466,172983.76765656532
1467,174102.6868782839
1468,161799.94211947452
1469,185960.1113723189
1470,122239.18212488541
1471,187617.14130726526
1472,97056.537177796
1473,96411.14476591087
1474,141141.22775768331
1475,113484.25766148453
1476,353953.930000844
1477,258001.9761860559
1478,303787.1194994974
1479,298418.3475824526
1480,478818.1026386821
1481,316586.08085800335
1482,213662.90033357908
1483,180465.06663187806
1484,165093.15863510742
1485,195184.66398176574
1486,194253.17055545156
1487,313836.1131033606
1488,229350.4295672107
1489,201816.66206940718
1490,221543.0052183661
1491,201413.96800575373
1492,88239.72076612238
1493,190378.1489239553
1494,300361.68171189114
1495,287748.2637296541
1496,234948.7547737434
1497,173542.9946557785
1498,175961.5260519539
1499,164072.77454722277
1500,156582.88487505374
1501,175415.8617773885
1502,144570.3484460531
1503,282395.54120276246
1504,242235.4654205283
1505,224870.99043472548
1506,182373.71093431674
1507,241541.34970317406
1508,207750.35903327033
1509,159932.342456772
1510,145597.02959933822
1511,154586.616622201
1512,169130.99593959135
1513,143132.06823465877
1514,153238.97227532428
1515,184695.2129172669
1516,154486.707749629
1517,163343.2189220595
1518,126334.41589114838
1519,221125.98829630573
1520,126784.1787136655
1521,129649.79232321407
1522,167317.89345802958
1523,109961.27394347452
1524,121811.14195833256
1525,121971.63488827996
1526,114782.05384735088
1527,107052.75597230626
1528,128106.12761265022
1529,147979.05448721477
1530,175240.40303496423
1531,109461.72970733706
1532,90422.06924128138
1533,144613.15082478322
1534,121129.21773865826
1535,145015.57200401693
1536,103632.92401709042
1537,65937.76939519729
1538,150483.5119656536
1539,206498.63344335408
1540,98630.38451887398
1541,141031.68312137513
1542,139957.83682865908
1543,193152.97318600072
1544,82823.80769711526
1545,117750.36703510665
1546,145952.2691767386
1547,133770.27891860265
1548,135507.01869888045
1549,126919.42301042388
1550,142319.98187523294
1551,99691.94215459107
1552,140711.09140474562
1553,143053.38644014686
1554,113336.77940390543
1555,168457.41096407032
1556,85090.87058288745
1557,99131.53458917876
1558,98040.91283927836
1559,63714.65322722196
1560,136820.05352716788
1561,127410.33682952581
1562,134089.2197633489
1563,120454.1730236546
1564,157189.3580906202
1565,152161.8157843586
1566,249865.7760618368
1567,72708.99363515397
1568,242931.53570296025
1569,136363.88476249258
1570,148117.00621148164
1571,124653.07504169761
1572,142163.57928294467
1573,237820.8100141989
1574,120573.12726573016
1575,224516.41501527233
1576,255332.09321261765
1577,189696.79098805555
1578,143445.88499999384
1579,143705.88710851845
1580,193259.8660182313
1581,154986.34093973055
1582,126462.11223718064
1583,302378.47984403966
1584,220510.41505908043
1585,139805.74025983876
1586,67867.24659088154
1587,111249.70425719103
1588,153323.8533446198
1589,92905.23882980776
1590,131886.4412146057
1591,89579.33798445163
1592,107279.61614725624
1593,120101.94615315984
1594,127593.38406036944
1595,112408.86139246206
1596,225789.00144342502
1597,194657.200264354
1598,228992.33677078295
1599,174382.7282979549
1600,168888.5244546337
1601,64184.63981753215
1602,110375.25845875597
1603,67417.83484939598
1604,256330.9379740336
1605,242751.40000749074
1606,164182.34111332946
1607,169177.99515671356
1608,219320.1381501712
1609,183843.29864271195
1610,149511.81077534638
1611,143196.28751550516
1612,169185.96422649044
1613,162860.1820402673
1614,116747.11564204814
1615,87761.70573792138
1616,74740.40668168743
1617,88269.23328194472
1618,126509.77702539222
1619,143567.82776980998
1620,161290.78695743653
1621,139095.28295119462
1622,144557.52220668242
1623,257402.4631582458
1624,213866.37489734445
1625,118836.48884849198
1626,169863.05204280853
1627,184712.94926424095
1628,279769.6595562435
1629,181930.2823668204
1630,340873.74698982824
1631,231265.17312366224
1632,241976.57045579597
1633,175524.3769824588
1634,184015.35852130834
1635,178188.69558168028
1636,152578.3274520067
1637,191365.96140312325
1638,189586.05513929753
1639,183940.52226409176
1640,248732.76090991526
1641,178315.77051238314
1642,245384.9930475847
1643,218729.2722707169
1644,236407.34356119417
1645,194440.6021840344
1646,160812.95539487764
1647,157091.53516600162
1648,127298.28039876145
1649,142888.77220350257
1650,108231.47432770822
1651,118071.51995778794
1652,100164.26058671204
1653,101738.98597699957
1654,143096.38345011394
1655,137666.6720804307
1656,139582.26810263834
1657,147872.46484899998
1658,144218.13851703654
1659,118679.09535007464
1660,160092.8583631926
1661,455570.8859824131
1662,390690.90736316855
1663,389047.5159005228
1664,484270.3809472587
1665,308297.5215219814
1666,326861.5706893631
1667,366258.38122173067
1668,354875.57999768
1669,311192.4866554147
1670,355428.710104957
1671,266138.3055026087
1672,421743.77691990027
1673,308083.76517679746
1674,241785.06807408304
1675,200348.955626988
1676,200098.71545116566
1677,221367.4908768433
1678,469031.71350642125
1679,384922.056608542
1680,325014.8449630688
1681,252915.80397170008
1682,328929.43229823495
1683,177490.94839822935
1684,176506.68813722956
1685,177695.94433717898
1686,169603.6779986882
1687,173080.59411021578
1688,191554.26847957502
1689,194135.4616968582
1690,201536.478641874
1691,189866.55825187213
1692,265134.09508077597
1693,174911.27547808172
1694,178309.36458326937
1695,166210.5510310323
1696,267223.2985238562
1697,168534.83182853204
1698,356789.3807872794
1699,319141.3450902694
1700,258747.83465629414
1701,279259.278706014
1702,253438.08501072202
1703,252772.28712405826
1704,285867.09104197606
1705,245576.72665380227
1706,418664.8977379472
1707,206831.14422777598
1708,203439.4888609643
1709,277993.5568635176
1710,228980.0306951481
1711,286811.41137031437
1712,265307.23185400467
1713,270303.8525207261
1714,218639.83386944287
1715,213670.3082046274
1716,184197.2965297164
1717,176670.4170780592
1718,132790.52651376947
1719,211657.2549327086
1720,239006.17635962676
1721,162158.06980658183
1722,122468.57182843896
1723,152582.7721066667
1724,211300.88465122692
1725,242953.2820281077
1726,183870.6841714854
1727,156519.71032200064
1728,175572.72811598843
1729,168176.9986144878
1730,155076.9304651399
1731,122574.42539233628
1732,128487.72138901486
1733,116588.86081372
1734,123948.4868625
1735,128806.99482081147
1736,113594.74369739021
1737,310584.6179169607
1738,248560.65872111203
1739,232408.91254354006
1740,210816.20019111663
1741,194852.0859981774
1742,173610.01713149366
1743,179318.20711808544
1744,321489.09232476854
1745,222797.499796684
1746,190036.4653091951
1747,223624.0019143653
1748,215223.47649601314
1749,149151.0908457959
1750,123636.48706642754
1751,241529.5903308181
1752,117080.93186966832
1753,142748.36770673376
1754,183272.19129558688
1755,170520.34313813248
1756,122185.59513694225
1757,122022.95579602792
1758,148004.54532806686
1759,161225.7857683076
1760,162534.53256002057
1761,141798.13049061206
1762,178665.10911494764
1763,172934.97249806437
1764,119563.68723501345
1765,173675.2100903073
1766,172301.26798153284
1767,208509.78548906502
1768,139721.4092984758
1769,167115.7168205756
1770,156016.72899672284
1771,126917.46006497613
1772,132113.44441258023
1773,126085.1609510101
1774,137555.15069780216
1775,139174.51331625367
1776,129733.77296967729
1777,104972.55829344575
1778,139574.3424660875
1779,123463.16319685397
1780,171952.52277650303
1781,125716.88953295034
1782,88998.1049584687
1783,147782.4542367325
1784,106120.99727241437
1785,112209.54642177571
1786,145896.27269244476
1787,165697.24592727376
1788,59992.34287022261
1789,98817.01752694094
1790,82501.85032661702
1791,176099.13240411368
1792,146445.2585160229
1793,132516.98978853322
1794,154430.42610055194
1795,133676.06245532367
1796,134371.0928067467
1797,106070.01135133114
1798,123555.5540448788
1799,114801.77388063207
1800,139271.41898247247
1801,129631.55932199357
1802,134764.7716382662
1803,145179.75161165846
1804,142973.60222642953
1805,135979.45993614887
1806,119809.48611318447
1807,133680.77956661754
1808,130248.8697714108
1809,130343.29770777651
1810,136646.89904871795
1811,85239.63375950472
1812,93036.5011610223
1813,123058.41588600386
1814,91368.12632260786
1815,51833.134985429824
1816,98672.363915219
1817,116008.17744497421
1818,146158.1368945536
1819,128875.28757251352
1820,54170.184954222445
1821,113964.11210719508
1822,152326.5741422154
1823,44078.40364327863
1824,129617.43520854987
1825,145272.77032579848
1826,112680.87678813188
1827,99229.9008519236
1828,137730.7235147999
1829,117075.9072119382
1830,142857.89067969666
1831,141831.11648008382
1832,76953.22110971475
1833,136248.12379224406
1834,123173.69308988116
1835,119000.76028632277
1836,114419.75761386978
1837,84995.70159832001
1838,129790.22155570828
1839,95486.10886175258
1840,153276.00903547296
1841,139809.92706588618
1842,91206.32161061534
1843,134875.79877586456
1844,146904.80220473444
1845,151035.97269073507
1846,152048.22029720212
1847,170492.74315513315
1848,53724.9877566203
1849,101831.03887267862
1850,118842.89893171446
1851,156348.55611265244
1852,126319.31097550945
1853,129752.48119643422
1854,164595.73792200364
1855,157829.44804995114
1856,222849.28417553386
1857,131663.40398604915
1858,132329.40221336865
1859,115086.74583519637
1860,150936.58424127573
1861,116013.8277341309
1862,314008.46724085894
1863,285007.771372164
1864,282700.0743370955
1865,357807.28117871017
1866,330163.8699430166
1867,230450.0519489115
1868,296947.0044565133
1869,203064.84729792006
1870,235490.1501053009
1871,255967.0084263835
1872,180085.43878991276
1873,245584.13475024616
1874,144246.10700488137
1875,198207.15931416734
1876,194454.19245593692
1877,208717.2140858638
1878,195227.266284476
1879,131405.8954010604
1880,130645.02050805661
1881,251588.8418227885
1882,249876.2395376532
1883,187444.72739885937
1884,200524.25271956332
1885,229152.99796009064
1886,279985.93050650565
1887,207207.8810757313
1888,268787.9261866402
1889,172346.73785463968
1890,128755.41576989334
1891,128756.96087725242
1892,97863.20557929679
1893,130420.3294448624
1894,117950.32687475288
1895,137051.7193685757
1896,124528.7716836167
1897,116172.40720167216
1898,119025.39729608447
1899,161295.0616834328
1900,151252.40953205514
1901,173746.79401959575
1902,143828.07645027136
1903,220483.15093759485
1904,146419.63551336416
1905,193764.53583327917
1906,160762.64513249393
1907,211060.5199338319
1908,106482.00942485622
1909,134700.67912119938
1910,121000.92792364165
1911,226913.81704283372
1912,337862.61735434167
1913,144470.88047401496
1914,52896.17882823226
1915,320327.65573007363
1916,68145.88422314942
1917,251048.32706458232
1918,140546.30561871518
1919,172361.87629256374
1920,152926.05645475874
1921,384747.2012886603
1922,325429.7753047021
1923,224546.17070283907
1924,235893.47207302676
1925,199728.82806300875
1926,389136.3889471293
1927,135203.9021747189
1928,153711.3878368744
1929,125785.20867614873
1930,139373.14440823224
1931,139560.251096407
1932,139290.7645941391
1933,185467.7424752306
1934,174159.13755393503
1935,172237.7207597465
1936,186952.68085687747
1937,182025.44357173634
1938,170582.92723775213
1939,247655.07881868124
1940,184424.99595017562
1941,167338.98445105363
1942,180062.21001742448
1943,219496.67170530456
1944,382439.0391924062
1945,401580.38695434673
1946,139712.95836281608
1947,321547.80205009796
1948,170370.85899734613
1949,236289.38703990102
1950,183576.38751833243
1951,248164.57680071483
1952,209346.71595922066
1953,172449.6368358622
1954,191187.72206990753
1955,135492.3716587314
1956,302563.3491286749
1957,148887.0505797344
1958,284561.9286503814
1959,145271.68835313787
1960,116151.57958129272
1961,122253.00478114987
1962,98613.7932076186
1963,104310.57110066898
1964,106505.13791749322
1965,137562.65655490174
1966,135542.39475611105
1967,313423.12621371454
1968,418479.2193704132
1969,389538.4393686896
1970,414769.5416677742
1971,462136.741546796
1972,379141.9323157716
1973,290058.3634535364
1974,326645.5134462833
1975,507988.26673653955
1976,279659.20775949577
1977,364635.9159712459
1978,335030.4437289582
1979,333113.1457612322
1980,210596.59715413535
1981,346890.03300906066
1982,226365.4484437198
1983,213110.27602656596
1984,167762.45484387153
1985,220219.69897010177
1986,214213.43288829044
1987,180736.99170508658
1988,178280.8244629746
1989,191000.03251298558
1990,213655.83753501286
1991,234270.48600129457
1992,214780.6994346728
1993,169647.42750362406
1994,217675.45298804966
1995,183206.81660510818
1996,257596.1551175627
1997,307010.74964601826
1998,322836.2543050755
1999,283834.76926151844
2000,324872.8103924135
2001,290981.58976537816
2002,240950.65062234193
2003,256992.07083401494
2004,307729.2113974552
2005,219451.17816379326
2006,218966.69525431213
2007,258958.63411336282
2008,225339.1628018057
2009,198415.87093176125
2010,197105.90858960405
2011,143247.15313136502
2012,176289.92973090132
2013,183201.43320873205
2014,187033.43308686104
2015,214143.96719896197
2016,196064.15312081398
2017,200345.96541424165
2018,120617.93102268792
2019,136574.97389743288
2020,100185.76632103855
2021,107135.26839335519
2022,189471.58968531294
2023,143403.32798671143
2024,275454.570664721
2025,357248.57456524303
2026,173659.7586715724
2027,159459.8351693244
2028,150918.50781019017
2029,160500.94488861164
2030,265311.3729794183
2031,229945.02625137108
2032,244010.90239862597
2033,249822.78327954
2034,166161.00879878577
2035,219429.91738334968
2036,195418.78858062593
2037,208035.5951784622
2038,304568.231610994
2039,236814.28845044645
2040,300965.5610219632
2041,307556.14010610594
2042,205366.000940186
2043,165749.9012215688
2044,154739.5615185772
2045,210293.54760031344
2046,143537.705318118
2047,141978.50279317418
2048,138248.12293435566
2049,133772.03870895808
2050,176035.05374690372
2051,99263.3700841384
2052,120584.22828211491
2053,147679.70303812795
2054,96599.29025537819
2055,157301.76868363455
2056,155732.731642387
2057,111353.23893408664
2058,218010.50786690722
2059,133223.76212337913
2060,167470.57662179496
2061,168025.0374925943
2062,129793.9655358801
2063,125882.57380827394
2064,138839.80509701578
2065,117539.20854498616
2066,172186.40546470112
2067,113051.90297253786
2068,138044.90953625322
2069,82721.24210712477
2070,110405.20536153208
2071,93858.71244719716
2072,137436.4361178208
2073,135829.55908587502
2074,180661.2528918041
2075,150977.989236133
2076,115090.64450403732
2077,156483.16751145312
2078,127904.95870723276
2079,127108.06453990896
2080,118563.032750529
2081,123022.54964037315
2082,115247.4218679447
2083,147144.55517614447
2084,110978.36960730504
2085,116266.37026364065
2086,118370.2850865681
2087,115497.85860891128
2088,93292.24005112948
2089,74377.16580206982
2090,123159.40360437143
2091,116686.71063122028
2092,122498.20290120447
2093,110299.45395239866
2094,111485.77364643301
2095,152283.1507204722
2096,85611.19886886807
2097,95508.32113799443
2098,146021.11190987402
2099,58446.511274917764
2100,81282.03922980388
2101,112389.48716322119
2102,124406.4173932572
2103,106552.97797323848
2104,138609.64278779618
2105,129175.21189435122
2106,66276.10213838537
2107,195998.05189800815
2108,116702.86538540159
2109,111078.05612691885
2110,122838.56507099172
2111,140666.14176515178
2112,140286.41937560926
2113,119813.74370404513
2114,122419.61108424595
2115,162231.52309778784
2116,114650.87277655864
2117,150183.90555499823
2118,130912.74788733516
2119,111168.24126008776
2120,118929.8799901024
2121,87816.1834467579
2122,121452.53650521449
2123,80269.74249359587
2124,163464.71750477643
2125,120839.15558836445
2126,159881.78953626848
2127,152168.72847341117
2128,127602.1518982023
2129,93264.4086434802
2130,138091.57411288295
2131,147194.80854080888
2132,115069.85183572888
2133,115638.69179533626
2134,125223.83493415054
2135,93404.10557691201
2136,82433.18982403359
2137,110650.37122266636
2138,134098.84225556123
2139,146774.07797725144
2140,145210.50475197722
2141,162930.4708505945
2142,130850.45631135901
2143,140517.77659726195
2144,113958.55566269292
2145,142191.19256296154
2146,173740.95979668683
2147,137113.9766005251
2148,139049.77821662507
2149,154278.53098214458
2150,241121.28063406187
2151,119505.17240858884
2152,158302.87690029314
2153,153762.22704906572
2154,99878.2443234983
2155,145149.52826461804
2156,248148.5996795509
2157,227019.00162264047
2158,243713.38851108332
2159,218027.9830742759
2160,182573.1149641386
2161,240706.9504621731
2162,372612.371836138
2163,368729.3467755031
2164,254800.40136703412
2165,211108.74003773436
2166,152841.07120942412
2167,216860.08905972439
2168,201503.05466786757
2169,201044.90573297712
2170,219248.6937623506
2171,155143.56065225115
2172,130401.75259110855
2173,160793.86371390906
2174,219154.63447699972
2175,283354.4450114201
2176,309649.13773549534
2177,233669.19757084426
2178,216549.85691013144
2179,137566.5953722702
2180,200429.75602101916
2181,188776.29738287884
2182,228262.05593938343
2183,192158.1961218684
2184,114896.63818185272
2185,129786.36061294535
2186,138050.19432811736
2187,155020.33323657967
2188,159188.19783092814
2189,259160.28433016615
2190,81171.62923875026
2191,80487.23897674725
2192,87198.43121317547
2193,110854.43449306268
2194,103034.8057032152
2195,113516.6042577469
2196,104346.31368379512
2197,110360.12755775294
2198,152233.9102571406
2199,185370.01966989035
2200,148132.45508804795
2201,150622.5425504681
2202,214605.24098426482
2203,146102.97914275262
2204,180012.38827375384
2205,111857.18843543503
2206,134317.61481040082
2207,232349.74226989315
2208,277893.5843649467
2209,234025.04952298384
2210,117952.34831575156
2211,110353.12956500212
2212,111467.43577318148
2213,105019.22436782761
2214,124433.59261558762
2215,103161.46830778575
2216,144523.30954327685
2217,61426.7937427201
2218,65566.56241122218
2219,59290.990707140576
2220,62379.99330443784
2221,321319.21747662284
2222,271729.46871434135
2223,285214.15644839575
2224,211603.58360288272
2225,121433.99679939901
2226,175977.97497805435
2227,196921.44564736824
2228,277071.14932826464
2229,260321.17043593028
2230,150107.9631712609
2231,219460.95783760367
2232,172045.8508634491
2233,189250.8535595685
2234,246937.46105137464
2235,209798.98464497327
2236,254774.78832049773
2237,312908.1829299509
2238,203699.89363898902
2239,111807.53275569862
2240,151286.09020417457
2241,154339.8925610019
2242,118712.5451574624
2243,124201.72321242157
2244,107151.88223784919
2245,99526.95960462668
2246,147096.78936734077
2247,107441.8240429501
2248,120600.88913407858
2249,119283.45357316895
2250,130363.36600470121
2251,116835.27099772046
2252,176074.43522560035
2253,154154.2719618942
2254,181675.36479052244
2255,182803.48546658296
2256,182748.41898984814
2257,200054.70343812904
2258,163552.68484881017
2259,171863.38248864887
2260,158242.86478948267
2261,200159.98836034036
2262,216758.962515898
2263,405873.5177498866
2264,523167.150741713
2265,160362.20890059829
2266,302900.2485366718
2267,367684.6781427743
2268,448720.26941625075
2269,152694.19186919392
2270,208150.75606556766
2271,213787.54667809317
2272,206551.97505619522
2273,164396.1283238001
2274,180144.93011147642
2275,166864.44519826845
2276,192668.3743289852
2277,181113.68620664932
2278,145940.35201892874
2279,123753.26301490377
2280,116258.63853164812
2281,165450.80950208683
2282,181772.6371087845
2283,107174.14434394367
2284,110481.57478551254
2285,137924.9368548288
2286,122774.29341600415
2287,381739.34613050165
2288,291469.9343482179
2289,366154.8881984239
2290,447327.4820828424
2291,349838.54328489304
2292,428309.2663920088
2293,480212.24155861407
2294,386869.0137159936
2295,488548.30897826696
2296,272983.07003722474
2297,357279.79464548326
2298,338568.143074007
2299,357029.8029654662
2300,340427.7785271202
2301,344675.83315839304
2302,252640.01297762152
2303,239781.5937074076
2304,240572.17495327553
2305,200030.36280907778
2306,192831.50510687503
2307,199276.42429726635
2308,232633.5290175116
2309,282835.9611030068
2310,223789.57534798284
2311,197833.13690895075
2312,176538.80907559447
2313,172327.52986133238
2314,178872.41303008382
2315,179732.27156781073
2316,194788.09585951603
2317,189781.03103447435
2318,182057.31513735084
2319,178537.77960718403
2320,176503.83852149473
2321,240255.30114144986
2322,178082.93322795225
2323,197482.8102691288
2324,186609.2104421907
2325,208945.33172336878
2326,181395.69803756368
2327,201458.61982652885
2328,219883.92007173438
2329,185718.26977069597
2330,173505.962330899
2331,348630.28736705263
2332,392031.42440455983
2333,318081.876231164
2334,261817.97539754902
2335,286091.82631939015
2336,308989.46315795224
2337,193214.19029760617
2338,274009.45691470173
2339,214070.25147684594
2340,400671.23007141356
2341,209651.96654841478
2342,232785.68806748
2343,231421.74651823053
2344,213007.1331394875
2345,223563.8260691794
2346,212384.03434405348
2347,197834.70786629245
2348,247546.6270882926
2349,182260.7374472473
2350,326179.55492076336
2351,260147.49386267335
2352,261478.5102963035
2353,248826.89755913112
2354,134884.19606371038
2355,147508.72648936298
2356,150761.96896999967
2357,187740.10059387246
2358,197650.887801487
2359,132599.6676018794
2360,120066.63267779155
2361,142849.03668648528
2362,267145.7564341843
2363,132495.47586310236
2364,161325.98589571915
2365,219000.72417710072
2366,195701.6953480208
2367,217838.2311824971
2368,212211.47139748425
2369,207096.15856957226
2370,164775.67993621045
2371,163265.56971866344
2372,190336.0611522551
2373,276514.45969658426
2374,303806.61171378725
2375,238388.63010254948
2376,282978.3721180484
2377,341341.07999279303
2378,150663.32850716298
2379,190522.85694871037
2380,148156.22163344364
2381,162366.19453151443
2382,201423.35581056282
2383,198480.28421498652
2384,243766.19707637606
2385,162141.3117725322
2386,134299.32656163108
2387,140072.49194941585
2388,105137.28492971198
2389,130164.79410827452
2390,155020.3270411668
2391,141020.53704121718
2392,117476.04330050269
2393,170098.546774979
2394,138550.51651939782
2395,200383.9624674523
2396,145042.39796979172
2397,209772.18733861417
2398,126679.473352176
2399,63609.269464768484
2400,62982.00163312791
2401,117851.27642533375
2402,134740.11673587837
2403,139851.74639182005
2404,155289.64717888585
2405,151243.64406816976
2406,140315.62553476862
2407,118189.33470337477
2408,142951.06088768833
2409,118404.68206542294
2410,165481.66286161775
2411,118988.46519526254
2412,152973.49422939055
2413,130985.9077456133
2414,151690.84090212773
2415,128089.92943095947
2416,125229.41388550063
2417,130215.54972012085
2418,130877.08763625952
2419,119509.53426491328
2420,126038.6211730897
2421,142613.86626795397
2422,115076.47976623512
2423,115633.86449478903
2424,159391.94099383213
2425,202330.5791729915
2426,125773.7383168994
2427,142666.77477394664
2428,175194.44869293965
2429,113524.13868488776
2430,130218.2013661679
2431,111243.61636220443
2432,151769.7034996446
2433,143419.22986592972
2434,136628.0157924436
2435,149563.73258660903
2436,107518.10273233728
2437,108822.9062225256
2438,122706.45419069071
2439,103393.07136575285
2440,121050.10791746737
2441,82934.04684735731
2442,92920.27983911581
2443,126415.92212000226
2444,141705.69125928218
2445,84481.31802152378
2446,126954.53059814479
2447,183362.59846578108
2448,132128.69702922407
2449,113216.74142236011
2450,151395.35546249422
2451,126201.12962441663
2452,199883.63164026148
2453,92695.73780827135
2454,119741.42858089705
2455,118562.60016297908
2456,134800.01578133844
2457,139148.79064558278
2458,138907.74826843562
2459,109851.64420040147
2460,142768.21755070754
2461,126566.6691192041
2462,131424.08939074303
2463,126204.75282236692
2464,170118.68518398903
2465,147822.18349983485
2466,109741.27648575124
2467,137068.6261192853
2468,88427.7847569791
2469,79968.09463163449
2470,195431.65873082817
2471,198444.1921993484
2472,164311.5895086345
2473,106865.9761381162
2474,80886.43259756835
2475,213403.71204842196
2476,112156.05448135493
2477,129560.21807346308
2478,148933.00273212965
2479,107524.47330020992
2480,155475.36800885657
2481,128651.02835801404
2482,123058.0653399144
2483,115401.71519552349
2484,125709.97407984352
2485,129529.44217262545
2486,155167.3685540923
2487,179736.51503869297
2488,164328.44049297462
2489,155469.5830683731
2490,147101.4404851512
2491,87500.73252281541
2492,192385.05116434378
2493,171105.3421735369
2494,148721.72877442001
2495,88066.1067601324
2496,244866.49094620088
2497,149832.02777317626
2498,111115.01642300552
2499,82683.8580590759
2500,118954.31360480588
2501,129603.25301001941
2502,140427.03590796428
2503,88323.9906225513
2504,171202.60139495763
2505,233222.23170924606
2506,259811.70090341606
2507,277559.4272105886
2508,259161.40784982036
2509,219264.63927666045
2510,218947.76784784193
2511,174908.95457580403
2512,208057.14938036795
2513,216853.86611771284
2514,268573.99606810836
2515,152691.73751354738
2516,177285.70461635067
2517,144686.2883098075
2518,149612.15534057718
2519,234103.64731661775
2520,219286.04967907432
2521,188795.16136743492
2522,222367.5120455893
2523,121767.41328492663
2524,135454.61781123254
2525,141372.7454960775
2526,144919.97612166696
2527,126176.99473714795
2528,131397.40672336536
2529,138927.13405403696
2530,128762.5454428947
2531,241816.5804911187
2532,226608.6374816149
2533,194865.6588994721
2534,235743.34226971839
2535,280890.07067513093
2536,236047.60073176507
2537,238949.09232478344
2538,183693.30828850772
2539,188721.17592715428
2540,175974.41892756344
2541,185462.6693501321
2542,165784.3637010812
2543,120359.77137237106
2544,114084.91084989777
2545,138063.76675096012
2546,123794.0553739714
2547,137447.51195574677
2548,150291.37674563524
2549,158879.1420704324
2550,739843.8495061478
2551,142875.22089544623
2552,123266.10000793425
2553,76944.43639595875
2554,92395.89070428378
2555,115490.72638758471
2556,102800.45844891295
2557,100881.2661606468
2558,155750.07619521514
2559,133599.10560804518
2560,157932.59423298007
2561,149990.2908718441
2562,140562.2227885067
2563,149171.08998947224
2564,189636.94328949926
2565,136702.43062520048
2566,161616.92173287805
2567,130951.71494503143
2568,198588.11923130468
2569,232903.6039009333
2570,116245.98553204504
2571,181872.0420008838
2572,149094.08364414875
2573,234566.68192020385
2574,330962.28395049856
2575,133536.1471513275
2576,112755.99372339445
2577,150993.88971509962
2578,78236.67793273756
2579,65226.76140108099
2580,81648.50333169909
2581,92037.53830814987
2582,91817.83144569992
2583,288543.7736419749
2584,177472.01895943718
2585,188543.17600219868
2586,213149.51397163467
2587,193791.17546512283
2588,138058.88924587364
2589,148275.87478972136
2590,201152.45324084535
2591,219080.5161759071
2592,202175.7494253447
2593,251859.91231921266
2594,186751.54829918718
2595,197227.23093879095
2596,297329.54548262263
2597,179738.416231119
2598,276150.1559529925
2599,326973.78313839104
2600,141495.65856483058
2601,134549.96363776372
2602,80229.93081653648
2603,94281.97942064119
2604,83197.27528804546
2605,78676.61008206503
2606,152834.02754790426
2607,197327.96310764094
2608,197870.3216293682
2609,168467.22302527804
2610,105573.47775965257
2611,122802.82900501945
2612,156382.81306545594
2613,133147.7244437152
2614,126316.37950335155
2615,149957.03792835047
2616,144098.59792720943
2617,172933.3533406044
2618,206893.46504387524
2619,195471.5353369711
2620,179363.62563873868
2621,177416.03305218476
2622,176559.4962201215
2623,241624.7167220545
2624,283126.32228961494
2625,274651.74987199466
2626,168104.58877919475
2627,162209.73803029212
2628,516483.361622105
2629,548201.4479990692
2630,408359.82749832934
2631,466277.8390812471
2632,447707.2435330372
2633,317227.9261515864
2634,428736.1530093812
2635,150308.0494790474
2636,173845.68513720026
2637,173350.1828924792
2638,263319.6819034758
2639,193005.32831189985
2640,147969.11643784013
2641,101999.31973323859
2642,183768.80505377013
2643,102560.33088308481
2644,122995.10518211019
2645,109061.32625769736
2646,96731.505474459
2647,102863.448268193
2648,141400.81993235523
2649,152094.2653663646
2650,131717.61589188053
2651,140586.90400068107
2652,401264.8858444313
2653,262510.1097654667
2654,265610.82611064095
2655,396672.89914150233
2656,346515.67545830074
2657,337934.65282867977
2658,306247.2904990822
2659,311052.13615711563
2660,360477.7010121172
2661,364001.9787353345
2662,376171.4708056733
2663,283571.0645014393
2664,277158.1482498584
2665,334545.0230486095
2666,296744.8740501738
2667,170289.22929672967
2668,180851.69196694987
2669,179753.36874155555
2670,280095.96262251836
2671,186909.84682651068
2672,193727.01894900837
2673,197229.1665947009
2674,194532.8609594119
2675,169864.06084773416
2676,194294.9024257009
2677,190655.78924965792
2678,236868.72646933043
2679,287833.8353613527
2680,290456.83034457004
2681,398880.599470403
2682,330121.27147842676
2683,513209.42151697114
2684,326354.75978198164
2685,322091.1288652907
2686,250379.63105332892
2687,306720.3095495303
2688,212912.3493983842
2689,206965.67361863572
2690,397409.49654946587
2691,189943.6678310613
2692,136567.97669550672
2693,200892.6856282473
2694,133230.3881557481
2695,193517.75529444648
2696,186249.99833171396
2697,180173.73599297975
2698,184932.3046702863
2699,173437.37599819974
2700,160146.53807252692
2701,152574.90037880308
2702,109399.31600352918
2703,118585.46383499968
2704,146073.28612107117
2705,116788.3474809264
2706,112613.66623647066
2707,122175.83911998621
2708,133561.9254827593
2709,100289.61380995266
2710,124724.70314429737
2711,280803.6177393989
2712,393530.937951526
2713,171103.58250085908
2714,151799.17640974498
2715,167900.92256145042
2716,143417.7180282808
2717,192590.95856091476
2718,218642.44631867463
2719,155696.269430619
2720,167042.27905679427
2721,134021.67088225915
2722,156320.80932763292
2723,143405.6336627524
2724,127211.48106573737
2725,132020.06998184757
2726,149247.78733776315
2727,180614.8856070231
2728,175601.35531707335
2729,146256.02353482632
2730,142555.56598790418
2731,123880.49097174608
2732,137463.92018133524
2733,157947.3210482544
2734,150066.2014613304
2735,135378.6038400725
2736,143822.72464145537
2737,124717.57086335409
2738,131807.90032717277
2739,156670.61594828274
2740,136108.0412346141
2741,143999.12851609144
2742,154991.56569714507
2743,147393.13174537264
2744,157877.34677795527
2745,142319.31846383263
2746,141689.68496359067
2747,156485.9830225664
2748,127632.62423389911
2749,126086.73557832286
2750,133812.08469858594
2751,134953.8266334877
2752,203106.57444935065
2753,149973.54559897172
2754,211352.6477503568
2755,130010.58520148635
2756,98131.83402818267
2757,66546.39987891803
2758,90283.87084131505
2759,169651.363994961
2760,120112.25550541728
2761,141731.0092912639
2762,143776.48376252913
2763,175765.73029930962
2764,155521.11749204193
2765,275256.8297926233
2766,141238.93105813864
2767,89439.91020844308
2768,125597.52393298293
2769,128686.03653437184
2770,136993.67749195982
2771,108648.2862358188
2772,105723.01419017024
2773,171903.259016769
2774,139051.62874195728
2775,107245.83501795582
2776,145826.7921951191
2777,146658.32222284732
2778,101735.6554248869
2779,121343.51130698947
2780,91518.16726998295
2781,92141.1804177153
2782,101253.32273529039
2783,94791.74435275019
2784,118696.27704066786
2785,138424.85471317542
2786,65979.73514730633
2787,117916.05633181386
2788,69296.79806813209
2789,155541.17258175905
2790,98987.80737415678
2791,112393.25984020809
2792,46830.55358243707
2793,167964.1134119568
2794,100225.86219179738
2795,124216.58986127403
2796,95164.54551219732
2797,196330.6348762167
2798,99294.10155551849
2799,108114.6214390586
2800,68547.32727969103
2801,103273.17652271525
2802,130207.06375551216
2803,160775.2446985603
2804,135295.27733115898
2805,97591.63852761715
2806,82088.14883872685
2807,162567.59458114
2808,152615.14774868672
2809,132485.3672135217
2810,131452.10666336957
2811,156148.5347223543
2812,152973.44240109395
2813,144419.49429691184
2814,149841.42572093708
2815,89910.34208783506
2816,228683.05170324034
2817,162637.0118779372
2818,136370.14670808596
2819,176904.13006296757
2820,140602.71710474094
2821,105168.239934508
2822,191041.23889044818
2823,300222.5879219763
2824,167559.21889062808
2825,142392.48249744604
2826,134779.5051750603
2827,134059.36352669058
2828,213742.7457293665
2829,208082.95755500355
2830,215666.65011932014
2831,181451.23693544322
2832,238730.32979645612
2833,299364.86275473476
2834,220047.37686991107
2835,220410.00830388642
2836,197022.4158209321
2837,164284.04286654937
2838,148487.86685564998
2839,180617.6559049262
2840,197974.20330634917
2841,203030.56305756723
2842,232932.3863372145
2843,146499.93828322113
2844,163404.70564684155
2845,122059.56096670068
2846,209241.27811197782
2847,202328.630620989
2848,218037.33448371795
2849,197456.88196540775
2850,278897.6611837121
2851,209236.62054628818
2852,239823.88468309178
2853,245908.7035754416
2854,140067.73365953605
2855,202378.89570203025
2856,199876.09180108877
2857,191080.26809099142
2858,199325.2063129131
2859,126418.28659041274
2860,133609.71620715572
2861,125062.36127528847
2862,195895.54358347846
2863,129870.58170223585
2864,249980.32328013438
2865,141928.5090510734
2866,139638.6444369594
2867,97125.03711865506
2868,99850.03129365885
2869,96001.89742192115
2870,130764.67873675046
2871,88641.75580070766
2872,56748.68811504957
2873,95472.40137266216
2874,128148.23069929102
2875,113586.126073371
2876,164751.59072487146
2877,141902.56051306493
2878,166484.43317379386
2879,139494.20088648106
2880,98099.6297842405
2881,147303.2112442816
2882,176822.74816296855
2883,202187.5069499779
2884,202838.3887506332
2885,187752.7415178906
2886,232655.58321312588
2887,90992.98065002008
2888,137914.67043613244
2889,58340.34911239799
2890,77826.2065384709
2891,141137.63314081854
2892,38811.4250883341
2893,64667.24177093023
2894,50281.71797601491
2895,332288.248376958
2896,279565.9717093942
2897,201539.755281217
2898,145060.29489313645
2899,207227.132726514
2900,159669.69893592602
2901,206148.60735844565
2902,176588.3871609282
2903,330814.5621121757
2904,355096.0349234262
2905,83227.99119695612
2906,202707.0453666989
2907,111632.7091521666
2908,134068.36895407352
2909,151856.0110480851
2910,76852.86195488505
2911,79491.7325763656
2912,149402.16642880085
2913,77614.24027727175
2914,75840.84086863547
2915,80583.45851152965
2916,80444.49939750235
2917,162197.64394601458
2918,118917.34670813318
2919,223041.59486518413
