Id,SalePrice
1461,119916.43010942196
1462,151295.9889941489
1463,183092.85295103144
1464,193459.60560463395
1465,204761.98521845197
1466,171255.04543267985
1467,170359.93960526597
1468,161541.38952572973
1469,191432.25138859524
1470,121192.95479103996
1471,190197.77330016138
1472,94751.38259408182
1473,95128.20745983347
1474,142768.9321813218
1475,110632.72578278983
1476,369790.92810986243
1477,260418.6165119624
1478,295631.813601453
1479,293130.23353431834
1480,468176.0455676025
1481,335984.3922357301
1482,219967.55361611073
1483,178827.5642410253
1484,166959.8666613156
1485,189057.09650517526
1486,195845.08177609145
1487,343561.0716717186
1488,228753.52595687105
1489,201072.55160875124
1490,234440.6022227965
1491,197800.9106654783
1492,91080.93032792787
1493,181720.26975159522
1494,312018.0521555515
1495,292585.5126582466
1496,235417.86867263986
1497,176612.99553929357
1498,176167.43065600412
1499,157616.12619053508
1500,149072.52090626516
1501,174568.67644691968
1502,140329.60224701584
1503,287148.0594482134
1504,246163.49841881954
1505,228683.03039493182
1506,183680.8564131865
1507,251399.8309907288
1508,209581.42849543647
1509,154878.6419968405
1510,144572.20901149855
1511,160226.63955165466
1512,168834.13673283957
1513,139131.5010510688
1514,152200.3081820933
1515,192521.87033927653
1516,157558.3111490316
1517,168333.3448930765
1518,130802.01101948264
1519,212158.4485225597
1520,128158.99068323468
1521,129499.37104666585
1522,174234.53849426168
1523,112377.56929647083
1524,120861.72387739689
1525,121841.32815927066
1526,115631.0392459635
1527,104514.39411454949
1528,129914.75872591665
1529,150338.3517946466
1530,182743.8825193169
1531,111744.3467838361
1532,94256.07249773933
1533,147899.09812645533
1534,113985.0525317933
1535,153274.85881178547
1536,105619.59885289652
1537,63005.404438805905
1538,159346.10001181657
1539,202212.1034241301
1540,92329.75962816914
1541,139132.5316309997
1542,144668.01503045275
1543,197425.60386049162
1544,85656.13580505022
1545,110659.94746201807
1546,137256.24652594395
1547,133181.5436411771
1548,131610.12621407455
1549,118669.2389033298
1550,140412.5251307998
1551,103532.79201553555
1552,135025.00183610164
1553,148099.75783815916
1554,113350.71341932414
1555,166831.07729920867
1556,82267.87561285707
1557,103411.70416122738
1558,93377.60090592397
1559,63683.31043073296
1560,137961.8116673385
1561,124708.89924514834
1562,132477.70219516085
1563,121628.37212186324
1564,157626.5826680776
1565,150124.98426191247
1566,234001.6896282934
1567,73880.56834446806
1568,239190.51136702043
1569,132622.1415931483
1570,136976.93086286646
1571,121462.40641352221
1572,142597.41528414105
1573,237513.21382767917
1574,124820.81785134935
1575,229287.21978445532
1576,251334.18864205538
1577,187827.76098097488
1578,135508.17792195026
1579,147719.8248657347
1580,195747.30480496047
1581,155806.28283485933
1582,126374.76939809223
1583,295892.4233082547
1584,221475.90376237407
1585,140041.16091487953
1586,72182.66617665802
1587,102621.9378342221
1588,148526.7387245308
1589,94599.16366237456
1590,130225.3855656587
1591,93937.08616155016
1592,109283.09399614652
1593,122362.74958705767
1594,111345.08728510486
1595,111454.378414945
1596,229636.50632492086
1597,195935.3187121587
1598,220554.4672230768
1599,180467.3242557846
1600,175805.9723093441
1601,65932.61653810256
1602,114190.58847287243
1603,68065.20661602264
1604,271601.19698541093
1605,240539.3537320204
1606,161479.2577559616
1607,184031.4682070004
1608,221370.4439954183
1609,185159.29450528874
1610,146139.61268348448
1611,141702.2244457499
1612,171207.08824045552
1613,166338.7007234812
1614,120326.89356923966
1615,85752.53579712429
1616,73174.91991103055
1617,87796.76910297475
1618,131956.66778146796
1619,139262.89889144155
1620,164583.59541565052
1621,134148.45024544143
1622,142661.07729424402
1623,268335.3797481075
1624,217578.5002626785
1625,116583.03552319066
1626,169025.20239970673
1627,190078.73162627142
1628,276809.4556156232
1629,179589.57162187377
1630,346237.0469030032
1631,233069.77147423447
1632,249300.84691024927
1633,173139.42533172783
1634,184510.88632992073
1635,175679.73970638876
1636,153366.73685546554
1637,209733.2908293705
1638,190450.99372217036
1639,180631.33462382623
1640,248071.5082927708
1641,179473.7262394019
1642,238044.16960284213
1643,226561.075458528
1644,235449.59581805544
1645,198842.4089389879
1646,162024.3070344152
1647,158548.86996755243
1648,128420.0756691198
1649,139119.2324183681
1650,109556.2423406385
1651,120812.3551199865
1652,96749.83516618313
1653,97824.98347597911
1654,143248.60603065087
1655,135837.51635830992
1656,138416.34048192995
1657,146547.57433767064
1658,146171.43565288378
1659,116706.00663136
1660,159589.96677731752
1661,463586.2210976175
1662,385092.8914620238
1663,378462.2874015614
1664,479999.25507387327
1665,298893.36594535026
1666,325736.9806685575
1667,383433.11175583256
1668,337112.1841939572
1669,311674.6411977817
1670,353075.5432844386
1671,272172.9326015021
1672,414801.87440202036
1673,306475.8262430991
1674,243712.49967750467
1675,205925.10455355895
1676,203106.36565432177
1677,227771.55676145144
1678,463838.30379647156
1679,377704.91896849725
1680,315709.31398850976
1681,249648.58987735858
1682,325186.590914722
1683,181118.9362500514
1684,177921.22114062912
1685,175210.56712265927
1686,171415.32589168675
1687,171874.50493889122
1688,192701.05440377133
1689,196194.6054018864
1690,202019.30559946725
1691,187544.0630697945
1692,259501.1643925279
1693,169731.29019510612
1694,179895.88312995108
1695,165510.4547368457
1696,276400.5784883298
1697,168018.92833894613
1698,355958.6603237605
1699,312249.08802692284
1700,259517.66779982788
1701,284338.71132749063
1702,249895.17814249205
1703,251041.61566477644
1704,281687.4293210953
1705,240750.32321913008
1706,405204.3703992176
1707,211227.91543271326
1708,203013.72814122686
1709,284178.7828018548
1710,230628.75611301244
1711,280663.9274249375
1712,271748.4433733946
1713,265938.4637418245
1714,219585.57352691313
1715,207819.8641025963
1716,183912.1831269572
1717,178748.20218861694
1718,132652.0784221498
1719,209576.83019456154
1720,232651.38782461127
1721,162021.50616766835
1722,122421.83441132194
1723,155826.78375786013
1724,214103.95761827726
1725,237452.92734595793
1726,184926.40524676148
1727,158356.07259537748
1728,172335.1444083013
1729,159227.1392367446
1730,143678.09690506777
1731,123255.06825500946
1732,128296.38463757375
1733,113722.88144310091
1734,122449.7182259013
1735,126371.39364163486
1736,110205.47076945532
1737,308759.410491852
1738,244690.98784829472
1739,227763.53658544258
1740,216249.7635264597
1741,195796.36169817424
1742,171223.6410554889
1743,178856.38926524442
1744,312913.8205199939
1745,213982.2961243414
1746,179217.8399510224
1747,221653.8407005723
1748,217042.33011411768
1749,144425.29188752986
1750,122380.36769628747
1751,249477.7681002428
1752,116998.36096027437
1753,146422.32982923664
1754,196797.48208377638
1755,166167.4560234585
1756,125259.79321042719
1757,120948.21383575264
1758,147435.34049942688
1759,159626.44279957516
1760,166867.88924456268
1761,145109.42238777824
1762,174650.80714975053
1763,178537.78846431308
1764,117571.99200400221
1765,166454.92002463038
1766,186859.7031906784
1767,225124.70965584554
1768,138681.1155021657
1769,169741.51051565833
1770,153436.2153928025
1771,123277.05036721032
1772,130695.20980165519
1773,125603.70847545624
1774,146284.36272973852
1775,139865.2759508533
1776,130486.16000111136
1777,103314.63906735393
1778,143731.8177897784
1779,126137.96974513055
1780,175416.21755183412
1781,126273.19727603086
1782,91574.5978793127
1783,141803.73460212542
1784,107760.78939801933
1785,117474.56560280669
1786,140522.5990493322
1787,167169.1954875267
1788,58454.62323721497
1789,97878.9400754412
1790,82088.53341810993
1791,178509.33268379816
1792,147257.87639177186
1793,127081.09226871587
1794,154307.24163448327
1795,132912.0844546588
1796,119915.43360678932
1797,110607.07528636587
1798,122349.15629845296
1799,114580.77540274776
1800,130668.14122884024
1801,125805.29558035967
1802,130158.65532390607
1803,143403.4695748094
1804,142961.12678002048
1805,135536.17406351573
1806,121488.508697881
1807,136407.54466972302
1808,120724.45214044527
1809,124595.1951280162
1810,140608.18646320142
1811,84857.80412391835
1812,95041.62745696059
1813,120224.68008225049
1814,92833.17281600958
1815,53136.269042392036
1816,97425.51721932461
1817,111592.83309044455
1818,142849.17998961266
1819,126377.74613998336
1820,53167.27496628463
1821,106464.78855248878
1822,151879.14594717236
1823,41826.52096476336
1824,123910.38452153957
1825,137293.27925474793
1826,108283.1689288985
1827,100271.41033126904
1828,137864.85204058737
1829,118282.7298393498
1830,142834.90393639577
1831,138962.35442780564
1832,76393.30984654407
1833,136559.60418085012
1834,122137.54848144359
1835,125520.51476066855
1836,123188.47928350921
1837,92522.02245270339
1838,123941.57552685517
1839,92981.37281273105
1840,145938.5027860325
1841,140273.05125369408
1842,86947.53781896981
1843,131158.68476954332
1844,142854.44772905696
1845,148033.67528177047
1846,161526.24275756133
1847,166693.70337292482
1848,54925.15632476041
1849,102131.15190522587
1850,120595.6784012037
1851,154832.94935067484
1852,130128.90593245128
1853,127975.03633301437
1854,165881.05347328237
1855,147338.6643624372
1856,232381.66619661363
1857,133550.52708908267
1858,130250.26830855856
1859,115145.40263810226
1860,150214.0612105564
1861,115863.80605262435
1862,305800.7700837252
1863,280882.6890726548
1864,279186.6052588071
1865,336428.08780965325
1866,316278.04895684094
1867,228431.1493676027
1868,300498.307928156
1869,206393.1064977677
1870,240935.76629290034
1871,249005.35743375198
1872,177207.94400560748
1873,247538.01292891163
1874,143743.58806181425
1875,193087.91858883086
1876,195388.36717246444
1877,208465.92918940994
1878,204106.73354384128
1879,129979.92290926453
1880,128882.29899120475
1881,248234.6926668295
1882,251536.407383541
1883,184407.21925729365
1884,198749.04571250954
1885,233962.34830610154
1886,289147.7353089882
1887,210568.2580648604
1888,281190.71829277463
1889,167959.8442382442
1890,123595.03203566543
1891,126416.83915932295
1892,99595.99936245344
1893,130030.3485872649
1894,121893.48079844128
1895,139993.3411561426
1896,127458.90630671491
1897,118493.17808202654
1898,113965.83721535772
1899,156695.5379999288
1900,153431.92750823993
1901,167257.92612124194
1902,151513.17963880274
1903,224052.58618213478
1904,144117.9554535571
1905,199703.29574872533
1906,152340.18790944715
1907,219151.40749571234
1908,106100.17660024852
1909,135630.6487683604
1910,120004.05760952082
1911,219743.32740490773
1912,332042.9422122961
1913,149490.58188573996
1914,54262.24867109532
1915,308870.02123257477
1916,72068.44950051006
1917,255096.53674700978
1918,141003.54900123816
1919,169901.68169134803
1920,152674.30848628856
1921,384121.33247256937
1922,320585.7039388444
1923,231051.97777777095
1924,238030.2648982043
1925,198905.77789825873
1926,371807.4359269752
1927,132685.91311421982
1928,156397.0979292926
1929,127852.19740761383
1930,131781.14811674287
1931,139672.90494186193
1932,133843.07774706703
1933,183982.75654955552
1934,179871.65480339414
1935,169240.8249393609
1936,190443.62723315536
1937,183855.4334955286
1938,169517.46934751488
1939,247192.52798940375
1940,198956.0720632266
1941,167994.22959056136
1942,174029.02576740357
1943,223526.08365586377
1944,367586.94991663477
1945,387000.5539245249
1946,129640.22678275665
1947,311193.6039642088
1948,169453.35103435974
1949,246469.9462068481
1950,181829.5571390289
1951,246461.99693960877
1952,212172.35198939382
1953,170384.39917076362
1954,186271.90829041
1955,133068.88049867228
1956,305481.43106436444
1957,150122.8068513466
1958,289151.35258956224
1959,143974.41472183782
1960,114781.34442610829
1961,120344.21931277958
1962,98211.90488838831
1963,103276.00809800201
1964,105947.68600261978
1965,137577.68565352738
1966,131190.37449116554
1967,306617.07226753095
1968,417214.2439245109
1969,381213.14203333826
1970,439116.2919716173
1971,482246.3815590316
1972,382205.9414775297
1973,287559.98352103506
1974,320678.0169502435
1975,544552.467838768
1976,277551.05782835657
1977,358016.3078885612
1978,368376.6284297794
1979,320515.7710742989
1980,214795.85840537495
1981,331961.46894862584
1982,226257.69867384955
1983,212595.42122960775
1984,172300.41264721786
1985,224245.47936972705
1986,210113.6698272001
1987,187541.48687489427
1988,175539.21215338263
1989,192612.54313303786
1990,210683.00870171265
1991,237837.67958284233
1992,216214.95200051804
1993,168384.14444648765
1994,225391.56111579857
1995,185324.39330092364
1996,265136.02161057596
1997,311649.69340010727
1998,316146.91995304474
1999,278548.8634459022
2000,322282.7988050602
2001,284829.8963773074
2002,240873.16772340567
2003,263780.0183732712
2004,294787.1151293245
2005,219086.719119634
2006,225810.07848416775
2007,263979.26115791866
2008,229904.8986463921
2009,194167.08516090838
2010,197062.1219373523
2011,136313.48171006402
2012,177910.70478578523
2013,177511.9609424802
2014,185881.81751876508
2015,209935.11371556998
2016,190681.04200771474
2017,198223.06863135466
2018,119168.52140965383
2019,139467.38595283707
2020,101306.68900027373
2021,103300.01077578435
2022,193537.40696154165
2023,145765.7526437156
2024,270076.028103366
2025,378466.18541360693
2026,175924.53804106126
2027,154704.58739384214
2028,150691.22044983334
2029,158879.7534761443
2030,264285.202642311
2031,229616.68227084528
2032,238596.48873797673
2033,252583.4761986535
2034,163991.04997593866
2035,219979.08230546783
2036,199338.78828652386
2037,220659.56254336753
2038,300331.08031601895
2039,233387.02847647757
2040,287072.260199998
2041,287853.0885819876
2042,207715.2673104011
2043,171272.58184785227
2044,158970.70227672334
2045,214364.3942684319
2046,154713.61277371654
2047,140655.93125254416
2048,138058.14682710095
2049,138377.76818534016
2050,172598.3449367488
2051,103806.5738725388
2052,122432.90280964818
2053,149387.41153760956
2054,92321.40856794808
2055,155156.2637929136
2056,148101.20142490877
2057,113247.77408180028
2058,223600.0302847384
2059,134522.13583597125
2060,171474.3299930277
2061,171773.62301175023
2062,130233.56211420872
2063,123495.60235117812
2064,136416.5354288386
2065,121279.48380401125
2066,161610.69664314803
2067,107908.6168336798
2068,144796.87305172952
2069,84767.65489790599
2070,112601.58368594972
2071,92609.49850171189
2072,134649.37883597886
2073,131883.11875905242
2074,180314.0824563448
2075,147319.73394084387
2076,114354.63623667498
2077,156223.77338726254
2078,124343.90662536494
2079,128699.38684372883
2080,115362.10449950818
2081,122493.43956275156
2082,119073.86663238949
2083,147894.48153008433
2084,111419.24554277626
2085,118009.709805541
2086,106823.2691835572
2087,119510.29824031082
2088,94390.00488258821
2089,75239.97830339933
2090,124387.98795369956
2091,123321.45029219442
2092,121133.04834518032
2093,113754.03446116035
2094,111350.74505100239
2095,149684.5148887175
2096,83036.55209647959
2097,96534.25507765551
2098,144807.38578922942
2099,56060.09403619107
2100,78064.14363528989
2101,109490.06851383034
2102,117105.30436772679
2103,102497.80402269954
2104,138317.54268865313
2105,127798.89773120041
2106,70278.04552746071
2107,199481.6498988198
2108,116357.27973692826
2109,112589.87835371548
2110,120466.03554001551
2111,137284.317742582
2112,140245.77490639983
2113,122725.12161717094
2114,121723.337119542
2115,161720.3542339282
2116,114774.75269377638
2117,145710.61590249094
2118,129371.91288812604
2119,112379.7292369849
2120,115260.15740447649
2121,104472.98181559634
2122,119035.22473767461
2123,79052.24928277766
2124,158134.98939151253
2125,124670.41027849031
2126,155357.0539723157
2127,164171.62696738006
2128,124319.66976639138
2129,86818.4390882771
2130,135390.8116849513
2131,142626.57845316047
2132,113925.54700615327
2133,116959.79813215163
2134,122711.66989120752
2135,94334.18539374344
2136,80272.04777083805
2137,105841.76335003185
2138,134584.06922716633
2139,147201.99131298152
2140,143873.45555771966
2141,158199.11111428944
2142,130981.28332706835
2143,145773.6988332341
2144,116341.18770231912
2145,141444.13642331323
2146,170947.57498021048
2147,128839.74729752861
2148,134375.70003678842
2149,155839.9745356736
2150,233054.87817598446
2151,117007.37529624083
2152,154347.27054667755
2153,166300.4195292183
2154,101704.18023308177
2155,134992.51232769625
2156,250940.22353937192
2157,228649.45019615567
2158,240245.70252647906
2159,224026.55845606248
2160,183115.3151196099
2161,244133.27859389276
2162,368337.0597241604
2163,350147.1418219964
2164,255193.07174746302
2165,198136.1204795232
2166,151792.65425565245
2167,219315.38698432426
2168,194793.68145905496
2169,195793.67020882654
2170,213542.19679559913
2171,154173.31983615167
2172,131483.45084484786
2173,168229.97937706977
2174,228298.72195673507
2175,303276.89636442746
2176,301100.5863113508
2177,238127.04009585912
2178,216773.75645844085
2179,137914.223082367
2180,204264.58369041682
2181,189793.01168473237
2182,227227.52650431282
2183,192009.15536990543
2184,118781.94912582223
2185,124048.15833006133
2186,138321.96671993064
2187,151323.9101213306
2188,154082.53752474397
2189,234599.3763637238
2190,82983.19519396866
2191,83139.76783651602
2192,91007.41957456038
2193,106168.91230573156
2194,102206.17579513349
2195,113287.43778804329
2196,101724.02585586131
2197,112357.04378743542
2198,156256.9322110195
2199,188618.3198898222
2200,148017.06305422576
2201,138833.94061652984
2202,218402.89104963097
2203,135117.92228835772
2204,180457.03411325294
2205,115628.08331528638
2206,140119.8768729384
2207,222777.51133809856
2208,271240.6697437172
2209,239267.69247965887
2210,116820.93876809815
2211,110743.83923391989
2212,113215.35882233518
2213,104764.78206262013
2214,128516.89538105468
2215,100080.69763668782
2216,153082.48285037884
2217,66730.96851834848
2218,73823.43947609357
2219,65955.44776249336
2220,56831.00276177482
2221,308359.38759687205
2222,276008.79664106824
2223,281039.90702251525
2224,206000.4850262945
2225,115718.16701287191
2226,181619.75343716997
2227,197582.84454713875
2228,276006.83538166934
2229,264504.85164824786
2230,147563.29867130044
2231,220817.51075735939
2232,177809.12708113517
2233,188379.53394761067
2234,246023.7928811355
2235,210811.94209050055
2236,261748.72882592972
2237,310651.3006101114
2238,198290.47754443242
2239,105005.29050111565
2240,149756.55718319234
2241,166966.85718487823
2242,123071.59317291524
2243,127188.350684208
2244,108424.89502407548
2245,101478.82982107499
2246,144973.28289999903
2247,107838.48135590147
2248,120595.76665318431
2249,118503.30703868928
2250,127075.89028694811
2251,118906.29919653796
2252,178793.50692348887
2253,153281.12476937537
2254,176623.18317608524
2255,184229.5462785407
2256,176454.98222064326
2257,198901.50688261993
2258,160197.26341452711
2259,172985.88444208322
2260,152755.6236864046
2261,204058.46613695825
2262,223273.31133438443
2263,380992.8975466179
2264,511723.6994682615
2265,167073.47326994507
2266,299504.71420391585
2267,368316.1621100947
2268,440735.2880594143
2269,147261.04114891725
2270,199685.24196309468
2271,213244.3743117776
2272,205513.24859424744
2273,160233.45354007027
2274,181254.48119947946
2275,168787.94406975692
2276,195009.76184318916
2277,179585.35866043298
2278,141786.32252304172
2279,126276.87567898662
2280,118883.8476248151
2281,166436.61573667618
2282,184638.70440466667
2283,105995.9623224031
2284,110549.2121680862
2285,135407.10275224617
2286,121795.91985362672
2287,366070.18700954015
2288,285512.86932156177
2289,368044.3191858114
2290,466336.01309072133
2291,340840.66527198063
2292,424575.8129575463
2293,465213.29728893266
2294,415408.37270044594
2295,461298.8223043744
2296,294050.5016979188
2297,334780.7635480968
2298,328917.3138139712
2299,364453.33330241503
2300,342000.5258612207
2301,320091.4360913566
2302,248931.83062995537
2303,245396.09929740988
2304,257261.83265864113
2305,202042.65159819488
2306,195846.7587664326
2307,199988.07646104234
2308,242028.29723923953
2309,277408.30473435984
2310,220778.57368861363
2311,198965.2823000932
2312,174427.26792147735
2313,172750.467866526
2314,178823.1749848529
2315,180178.1560266035
2316,189252.85151114123
2317,187899.55064478845
2318,183842.58507159905
2319,178911.47122779477
2320,180465.8925750235
2321,237633.09454336786
2322,183481.3149837803
2323,194086.61454724806
2324,179516.4830850674
2325,213803.7905389223
2326,175998.68864869387
2327,201435.3552450123
2328,221570.61764843087
2329,188738.27552316742
2330,177134.32469243935
2331,361926.7787732109
2332,391147.9856705357
2333,321165.9692846165
2334,254237.81386069732
2335,285857.2303750532
2336,313353.8916364612
2337,194178.13534412597
2338,269375.3524369257
2339,216480.37378556858
2340,383059.4549509309
2341,211735.87506935
2342,233850.3150266363
2343,228178.8829170721
2344,203052.37228346153
2345,231079.69435972132
2346,219065.38280065512
2347,200577.0546034544
2348,249294.94917858677
2349,178832.79203505884
2350,309459.8614900563
2351,261015.9358169269
2352,266740.6917585005
2353,241974.45060727984
2354,133945.9100601047
2355,147012.68739983963
2356,149161.61391030689
2357,189902.1870173564
2358,194959.4113664804
2359,132695.40320143796
2360,115537.99451626407
2361,141660.48601257068
2362,278088.16699261765
2363,130873.07037757369
2364,161350.6936434362
2365,220864.0950154438
2366,203281.0888260701
2367,226271.0300709201
2368,208213.52643021604
2369,214030.0497874224
2370,164322.07787858447
2371,161576.27533340317
2372,193947.2779351594
2373,285335.5709349267
2374,312998.96145172557
2375,247570.5508927147
2376,282345.00921307283
2377,341878.0712548922
2378,146404.4889224589
2379,187071.86699410912
2380,151788.96901930016
2381,165812.85221232983
2382,209684.893380968
2383,204114.39591993802
2384,247725.034887178
2385,160512.93394848017
2386,131621.8688962505
2387,138087.42836969736
2388,103384.78059406533
2389,130997.03952907039
2390,153440.2922257624
2391,143802.80228521503
2392,117288.81662126475
2393,176514.8122515741
2394,138042.2400733646
2395,201563.84823819497
2396,139464.22519911357
2397,222403.43135479483
2398,126281.0558773299
2399,66472.36343224974
2400,59977.66274538585
2401,122212.25547440742
2402,136877.65618719798
2403,144468.52889822272
2404,155785.45501527574
2405,159938.88826637928
2406,138854.3018664778
2407,118072.67894765653
2408,146024.06747001933
2409,119707.3479209452
2410,163062.8702567553
2411,116476.0546484889
2412,153750.60090832246
2413,131138.1294856529
2414,148552.46304052984
2415,135018.28985620925
2416,125905.57647060552
2417,131715.499717617
2418,131415.44854361733
2419,125941.56322641461
2420,124780.07671358496
2421,145205.28384776626
2422,112424.52901691984
2423,116340.65710098635
2424,155513.72037616142
2425,189024.9667958159
2426,130898.70998730739
2427,134322.78933555514
2428,181504.33435903428
2429,113764.9663306772
2430,130069.19822282389
2431,105616.21498054586
2432,148764.76200039906
2433,145687.5836599664
2434,135348.3577243372
2435,146920.7356831495
2436,107649.4376198542
2437,109475.45169528827
2438,122960.5636953267
2439,100806.57296851536
2440,119803.31918959854
2441,87033.06404026425
2442,95407.19248306034
2443,127196.41764114282
2444,139647.08873869205
2445,87550.17768905447
2446,135697.01496513747
2447,186556.20061961756
2448,127383.19700858637
2449,110443.95923209265
2450,150144.59503741097
2451,120531.75887996417
2452,201477.2580585402
2453,93964.10231767583
2454,119454.87156333622
2455,115118.00856281808
2456,131860.0006779865
2457,137394.04907648813
2458,131459.18290426966
2459,107964.9596882793
2460,139715.91918282057
2461,123253.05080704935
2462,131818.332440832
2463,126102.0483191242
2464,166997.55576050194
2465,140515.97410568464
2466,110555.94940443397
2467,127231.72460367766
2468,83238.43866019967
2469,84594.1161508362
2470,190722.631793198
2471,206508.9362211117
2472,167557.27392555418
2473,107354.42957153483
2474,90669.20109706253
2475,216616.08586758192
2476,110210.30275117503
2477,129671.3441443398
2478,149353.9378594646
2479,103852.02679854397
2480,153287.33894554706
2481,125650.58152166431
2482,124064.51931055948
2483,113805.50910543966
2484,124606.36035857661
2485,124173.22023961459
2486,151076.6269800492
2487,167938.84770943108
2488,163558.42226051586
2489,153624.39119085384
2490,143869.92686901035
2491,88676.87693889787
2492,199508.4943559481
2493,160796.7891897307
2494,148168.6573685434
2495,86736.26507993313
2496,249154.231010323
2497,151588.4467378246
2498,113296.00763280224
2499,82139.7925751442
2500,120567.29929645818
2501,131031.31873898469
2502,143225.89462024948
2503,95880.0993250093
2504,177587.12191879994
2505,236489.99079199287
2506,260404.71906000152
2507,285367.8052138012
2508,260035.84112701612
2509,216944.27764834257
2510,220645.2978532569
2511,175782.8638491265
2512,203902.2264111863
2513,222532.75340879272
2514,282121.63660738105
2515,151329.82793272712
2516,172839.76692181782
2517,146326.48729139502
2518,147831.63744592477
2519,234819.6755243931
2520,217787.46464935227
2521,187862.78983196642
2522,225623.9249488553
2523,120732.12981032232
2524,139320.14608460345
2525,140015.64635085102
2526,144379.94837550656
2527,120396.55553139215
2528,131834.33952400615
2529,140549.13923294752
2530,123673.20881676013
2531,250500.03050059566
2532,226446.6840545974
2533,191757.46588749645
2534,236522.6096848102
2535,305413.0215470867
2536,234334.72643093194
2537,243588.19879851447
2538,182948.93142482985
2539,190362.47231475808
2540,178772.83327527536
2541,183592.83339242023
2542,163466.43570553916
2543,120784.87967456479
2544,119183.03500589829
2545,137391.22210785994
2546,124778.95667640546
2547,136186.20100901937
2548,146460.10259600665
2549,154713.05809826407
2550,673149.4741916963
2551,140374.6844071683
2552,124718.5601433483
2553,77212.60069269741
2554,92799.04905851251
2555,107188.9007970221
2556,102865.63101705658
2557,103355.30328867724
2558,132403.17035565886
2559,137731.03749850835
2560,152454.15488035016
2561,144433.50585472552
2562,136646.8304805933
2563,144530.42315065762
2564,203225.3659591996
2565,141250.07313581128
2566,166626.71406983002
2567,133925.9657607672
2568,203139.34968968897
2569,238468.6988026548
2570,117561.57000356207
2571,187473.95227158262
2572,158658.74898494178
2573,231570.6375752506
2574,311303.7835913532
2575,130893.56529506018
2576,115054.07351500886
2577,147370.60670115764
2578,82292.10393373722
2579,65919.02445227165
2580,80269.28295324321
2581,97852.62052087381
2582,95751.40113794777
2583,302641.4655957262
2584,176129.68390719243
2585,189165.01247473148
2586,222665.85528810494
2587,195896.61456966845
2588,136118.76794297868
2589,146882.29408113382
2590,201342.52471045806
2591,214064.74742833248
2592,209507.61576475372
2593,256969.39730162197
2594,182617.14018079126
2595,200254.73034354948
2596,296145.06382171344
2597,181973.15227555396
2598,286413.3309631538
2599,325912.0380961545
2600,148775.10852199155
2601,135560.18207514705
2602,80324.20912481261
2603,97332.63242732358
2604,82095.33698120998
2605,79317.55111041582
2606,151892.5850298449
2607,191946.52472442485
2608,190709.57579191154
2609,172407.63146918928
2610,106226.76935331534
2611,122368.09205979182
2612,157061.59411233294
2613,129121.00165253913
2614,123393.9240928723
2615,150907.2136880706
2616,147013.64651083946
2617,172938.75787180554
2618,199774.19989093803
2619,200527.2767724492
2620,182529.56061170253
2621,176205.22017674748
2622,176215.70591694603
2623,248203.5858755061
2624,305000.5248062636
2625,305771.8462701266
2626,174303.9254666197
2627,166740.84933067116
2628,490070.3993806722
2629,516613.6072059561
2630,397505.2319669338
2631,478088.9586588347
2632,431949.2433429041
2633,313467.5885509886
2634,411223.900864705
2635,151336.31248676896
2636,168374.08000575143
2637,169980.8935550209
2638,265242.4819133757
2639,187914.10932551304
2640,144402.1503214657
2641,102578.16639356354
2642,186874.34583825595
2643,102374.51147586627
2644,125635.74315050631
2645,107319.7562311019
2646,95104.46715454363
2647,100630.84235310587
2648,150543.07813131995
2649,150142.76785631687
2650,128142.65746567257
2651,140457.11581399976
2652,418435.9412723421
2653,260961.8256574713
2654,262548.2592397968
2655,401552.7403787824
2656,336635.2060918866
2657,354314.56095151464
2658,313436.96323834313
2659,310399.5275650734
2660,367821.53777041216
2661,357826.36418796575
2662,367015.5537153309
2663,296080.08104417066
2664,268397.4805452439
2665,322357.73946495587
2666,285005.28896260064
2667,171618.77374109658
2668,179935.19707431222
2669,184199.77028800224
2670,284161.72378985904
2671,187764.90923673916
2672,195460.7342294215
2673,198242.89768846444
2674,195357.08245494193
2675,174326.9078306191
2676,197510.48530531317
2677,194415.80153097174
2678,240099.77098372963
2679,283076.14601940446
2680,289052.42253348406
2681,390620.5744997802
2682,327155.72064225393
2683,519115.45671543194
2684,318308.5786391725
2685,337620.7565633853
2686,260266.8683746938
2687,303629.353066049
2688,220911.6694450425
2689,213834.72946291984
2690,407874.59854021703
2691,188628.29173506392
2692,139661.15990543505
2693,203549.6957836139
2694,132658.97623674694
2695,193742.92889306883
2696,186462.22633412012
2697,179218.37371313368
2698,187621.15845942803
2699,170423.2464517205
2700,157313.6070498532
2701,148100.58327343495
2702,109834.31306045013
2703,117450.52360465973
2704,147471.202960314
2705,114055.77120945952
2706,107418.39799280459
2707,121601.07754763556
2708,131931.283488262
2709,100616.30263628048
2710,124495.90689868477
2711,313867.5698727704
2712,398990.56274960784
2713,171889.3520880007
2714,146794.65891955263
2715,166006.55600759824
2716,141929.56849517365
2717,195716.34499399303
2718,225525.25445977025
2719,157347.12630438994
2720,171752.95476603202
2721,132528.09339981797
2722,156721.02864877347
2723,144585.71619946847
2724,124303.49712522005
2725,129225.48763824893
2726,148504.43161528674
2727,184412.5981603915
2728,180753.84506068152
2729,145387.92572023132
2730,144253.05187586418
2731,122857.98266843567
2732,134948.26241974428
2733,161449.6484050363
2734,148116.50537956867
2735,132790.18634836195
2736,139802.8554725172
2737,121894.7159786359
2738,136191.62455808386
2739,155045.04826991443
2740,135798.79413885917
2741,140704.14151193298
2742,156231.83480664133
2743,155086.89339005307
2744,167469.28987003487
2745,143358.57266859803
2746,139976.75688944774
2747,142225.1047723784
2748,118298.4156465242
2749,132608.28095801084
2750,132218.17773534055
2751,137391.41493640427
2752,187812.72376549718
2753,146334.21782697926
2754,218869.06875194566
2755,129860.49073440986
2756,98141.94371227096
2757,71628.35317495289
2758,85882.67626925129
2759,161688.2530793756
2760,119049.38860511448
2761,142761.28429727076
2762,143587.41003043708
2763,173790.91384489
2764,155349.81146797133
2765,282381.0824446916
2766,143152.05427350564
2767,88292.10785010483
2768,127276.07707199693
2769,129038.22298921552
2770,138391.87501650056
2771,108174.21058853451
2772,107923.26424858597
2773,166534.55067231818
2774,141738.24456506458
2775,114509.38900040137
2776,143192.61779055314
2777,153861.48868885596
2778,100110.17898185978
2779,119990.17978050915
2780,92380.42267453457
2781,94989.39256885942
2782,99725.3594782725
2783,100432.65289451668
2784,122058.33242131976
2785,137414.9888989561
2786,67043.12165532952
2787,116641.33622028788
2788,74735.0840485987
2789,168875.54237244555
2790,95423.06408892928
2791,112236.1342234679
2792,59281.59105176075
2793,167275.72114567136
2794,94908.84604250072
2795,121085.12582046188
2796,95585.40548623627
2797,206771.96453950778
2798,101137.34116527329
2799,105922.22890668694
2800,71651.09790108842
2801,101582.37539259483
2802,129662.79872851523
2803,164262.69905069334
2804,125269.0572302083
2805,93160.42030652898
2806,81797.60721749451
2807,164779.11753434187
2808,150780.52978368048
2809,129206.31845030618
2810,126184.27777831559
2811,156310.66034241812
2812,153831.58821879816
2813,154340.16633818916
2814,156903.18711310698
2815,88923.42209455067
2816,217669.34274026545
2817,154461.38246578304
2818,133377.86499894998
2819,174558.86520103447
2820,140381.64148036946
2821,102210.96306473216
2822,194467.26822736298
2823,308775.9550608914
2824,173823.60290741353
2825,149448.4535571448
2826,136092.80195022767
2827,134868.7977488677
2828,212406.21531093065
2829,206810.93634549563
2830,227027.03259847133
2831,180387.1837918775
2832,249377.26970944583
2833,290045.9591982297
2834,221000.69921702112
2835,225364.62918102703
2836,193231.80475408374
2837,157517.83693497351
2838,150917.59094273296
2839,177263.26815564194
2840,199152.888853972
2841,202197.0634822795
2842,235328.7880307407
2843,139949.4146415547
2844,161912.04133676997
2845,120904.9529634066
2846,205512.4143433513
2847,203456.3330478216
2848,223085.25395084318
2849,194333.74959804417
2850,280318.4030619597
2851,215981.39756476728
2852,244031.57623650038
2853,243857.79017410573
2854,140922.59928359723
2855,200168.81928495973
2856,200815.42545099132
2857,189399.8754299048
2858,202801.55401655586
2859,118949.23131861526
2860,127349.67467796587
2861,126111.54720208613
2862,190881.6967437124
2863,127821.51184064077
2864,262277.846712054
2865,141775.98481010413
2866,145477.47636140333
2867,96290.25863789424
2868,99669.605605603
2869,99608.30400979769
2870,127861.63278552053
2871,83766.29511600696
2872,56348.78230667423
2873,95395.5203174967
2874,135114.76794422406
2875,111961.03503489505
2876,158854.71995415463
2877,144934.39648096304
2878,172654.13469008185
2879,137492.6110025896
2880,98824.80431609515
2881,139719.81982366223
2882,178419.0222505788
2883,208804.0733340798
2884,202768.1618169397
2885,191271.9003909965
2886,238529.26279541975
2887,97737.47371907988
2888,141449.7904922844
2889,59553.32323583714
2890,79722.53313080782
2891,140602.79375296785
2892,40649.39418069913
2893,62041.822776486435
2894,45833.03137782702
2895,332711.11586287536
2896,291584.7112162429
2897,199177.05470923404
2898,148190.88644085903
2899,209040.3621350171
2900,156026.56057171995
2901,195629.54165696132
2902,174605.44699279362
2903,333738.08209524583
2904,340897.1411678994
2905,86441.30232894192
2906,197229.92535653914
2907,108950.58300373892
2908,129439.95282095991
2909,151871.03043735964
2910,78655.24890086992
2911,80289.94344334872
2912,145840.09537656303
2913,76861.6363947102
2914,73070.15199639708
2915,78366.06418909061
2916,78956.96303904227
2917,166838.56065979364
2918,116854.6704238377
2919,223290.02051698437
