Id,SalePrice
1461,117350.35307465456
1462,157512.16855186835
1463,181447.43641995967
1464,193684.66905673125
1465,187314.0110849707
1466,172753.6840431163
1467,175490.52317048874
1468,159736.20138570078
1469,189581.1078143227
1470,124199.32044087593
1471,185409.4196148175
1472,98251.44186041395
1473,98876.59553933024
1474,145128.30146125227
1475,113478.95669954739
1476,355975.3676231363
1477,259394.06272342397
1478,289234.2430484682
1479,282161.4893899667
1480,480609.873869666
1481,327718.1292624712
1482,210537.8904437882
1483,181679.11789417142
1484,165489.94931527664
1485,189923.25905447293
1486,193579.97974076046
1487,313994.92333753675
1488,229507.46801614139
1489,199092.33217209252
1490,222919.6934629231
1491,197499.24610572963
1492,88981.09493183746
1493,191726.36127642944
1494,293065.1827243624
1495,277099.387260159
1496,239753.82680814507
1497,176900.32979023963
1498,175410.09085269095
1499,162429.92638872386
1500,157793.32785487836
1501,178948.20888639183
1502,142427.07689528982
1503,268977.68923777697
1504,241421.46988910163
1505,223062.90157104094
1506,190627.36234561217
1507,250555.63899717983
1508,207352.549030771
1509,162376.16411609808
1510,146182.06960149482
1511,156409.715199505
1512,174083.68775096562
1513,150657.0179418745
1514,156651.23856998506
1515,181787.91436929238
1516,154636.05746471323
1517,165768.4660743275
1518,128149.9072037849
1519,218024.0408258062
1520,128976.5074988091
1521,133510.08537930218
1522,171198.34361717655
1523,114378.84005422119
1524,129141.64832684245
1525,121297.46797314893
1526,112097.73156612949
1527,108680.26222091175
1528,127518.16781849039
1529,148669.70408109375
1530,175026.88883683298
1531,111215.9259502618
1532,90241.9362606407
1533,150655.87173372266
1534,124717.35851284984
1535,151798.51647397806
1536,103337.5983180578
1537,61152.64364278128
1538,146314.1506914254
1539,214239.70922150163
1540,96671.65105523079
1541,142255.2937146236
1542,140432.55294107995
1543,200428.14644405863
1544,82112.66589942765
1545,119971.40076833966
1546,141399.5404417714
1547,132168.7184937352
1548,137427.7413686469
1549,124071.84068260338
1550,140293.0347800231
1551,101711.9721862335
1552,139401.54119885984
1553,144606.34885295204
1554,116255.20081120275
1555,171572.84455215922
1556,87184.85918389341
1557,101993.74213262748
1558,99790.60931512607
1559,62836.61235458867
1560,139645.70297522467
1561,135896.42150030116
1562,132639.76348710817
1563,121562.92145524606
1564,157458.1834326416
1565,154957.25858353334
1566,249435.0378300739
1567,74434.0106801902
1568,230097.8800889758
1569,133169.72652562233
1570,142994.0258733355
1571,124892.7983390072
1572,145398.65727455242
1573,239744.4660997757
1574,117568.31237600505
1575,232963.6798765601
1576,252241.8931171815
1577,186612.46066580687
1578,149870.35211744078
1579,150684.47795227246
1580,195706.4154470507
1581,152434.88444769528
1582,125671.63281334713
1583,298592.49785611266
1584,217430.64265290566
1585,137542.68951641765
1586,64802.371567736
1587,111880.91230873304
1588,150801.20927604416
1589,94981.83497950877
1590,131443.27300955358
1591,91783.82421434752
1592,110108.75353382788
1593,119263.03350448
1594,130281.97387887271
1595,112716.65163053088
1596,221983.09320826505
1597,187669.32172208274
1598,236589.18529562402
1599,171825.85361645193
1600,167328.10894401517
1601,63368.56956932035
1602,110084.60187690228
1603,69322.02778372866
1604,263906.5937329215
1605,243106.56694012423
1606,161627.13112650428
1607,173806.1132366917
1608,212242.49981500348
1609,181724.03730027378
1610,152890.80828966183
1611,144366.05392759884
1612,175091.27325659918
1613,160773.95652346153
1614,115451.34069908902
1615,86034.21282799248
1616,72996.88046294972
1617,88837.02684889441
1618,127684.76535756867
1619,146028.40340952997
1620,168840.95580255694
1621,139651.35037507355
1622,145760.77731004445
1623,256346.22435121704
1624,212255.69209600557
1625,115905.03269727028
1626,166521.90123274075
1627,185836.4220796288
1628,280144.1338210764
1629,180694.183430329
1630,352263.5310682507
1631,238571.42975671784
1632,248125.7924202184
1633,169943.47701646117
1634,182289.72534343554
1635,176942.7023047085
1636,153908.0455679218
1637,192577.9936123045
1638,186557.30411358018
1639,187979.30365922194
1640,251974.86313057848
1641,179573.33539002336
1642,247007.74043005353
1643,222352.2561909304
1644,240340.6417892194
1645,200102.8255880156
1646,155070.69129757152
1647,154742.14944414812
1648,130883.38760331801
1649,142587.83748876548
1650,108988.6536929443
1651,119694.76055805333
1652,100590.3259438466
1653,103358.11455287998
1654,142408.90577812082
1655,139266.77550213042
1656,139836.77504459687
1657,148020.48546036595
1658,141074.93120188656
1659,119049.4457997963
1660,154656.21029018817
1661,446292.94710331305
1662,401364.52041569987
1663,386615.020080109
1664,488351.64832585404
1665,301107.6373293427
1666,319305.16293778946
1667,362493.4244789607
1668,342681.1081393791
1669,311977.1451909341
1670,347907.85171333194
1671,262331.14320175047
1672,414359.81729921175
1673,303160.48225011554
1674,241121.9417149126
1675,195383.42697915
1676,198146.2112188553
1677,221408.62972502192
1678,476522.81932011317
1679,374137.50492986536
1680,331457.01983627013
1681,243220.5041278514
1682,320222.49287838227
1683,177970.59864144953
1684,172929.37734157522
1685,173172.4441867055
1686,172600.46720111094
1687,167378.50150697306
1688,190528.03207297027
1689,193613.59678988397
1690,198264.93326729856
1691,182599.10575058445
1692,262920.6313166107
1693,169913.59474400728
1694,178706.0177035666
1695,167896.6323871999
1696,266260.70769994945
1697,171741.64448933591
1698,359317.3352318496
1699,328504.9365402989
1700,253292.2908479147
1701,273330.57077930786
1702,251097.4867376783
1703,250582.79212007686
1704,284020.7156859446
1705,247791.81921825456
1706,409748.3036883513
1707,211953.42226565105
1708,198843.26619187373
1709,285712.4713975319
1710,233500.65655003698
1711,284169.03129201586
1712,274231.51714694576
1713,264084.8272295427
1714,221295.23103219143
1715,212617.44940555163
1716,180127.79209090292
1717,173557.51395770424
1718,134364.73347657803
1719,210565.20868797586
1720,239742.04733857609
1721,159654.8465832279
1722,123928.89227303863
1723,153858.5219352954
1724,214431.96938609827
1725,239922.68444154918
1726,184841.5185571621
1727,153938.48771633056
1728,171535.3936267059
1729,167915.58747166532
1730,160894.90541476468
1731,123013.05100740495
1732,124153.15790786319
1733,117082.87127521979
1734,128977.737280968
1735,127788.92424878501
1736,113124.2267065882
1737,321560.2162528202
1738,242576.001638556
1739,232590.9638620327
1740,217187.22311808052
1741,191631.31513828726
1742,177743.31244233498
1743,177529.3903113927
1744,314633.50080468075
1745,222548.5694398459
1746,183849.9412858182
1747,225078.04917364396
1748,224193.8532613426
1749,149923.405267743
1750,124540.90793282968
1751,242692.34946542696
1752,116094.15928079888
1753,149883.39048254126
1754,179580.3758870945
1755,171251.81747037373
1756,123372.90448244978
1757,122005.63363282903
1758,146935.49514835476
1759,167009.66406259232
1760,164282.3211849896
1761,139953.5146573315
1762,185964.12539117996
1763,177795.2685558677
1764,116557.75563101121
1765,181169.04018927476
1766,169355.69600231136
1767,213073.0939724474
1768,142344.11592980454
1769,166951.3793216717
1770,155015.88560740298
1771,126210.11389801097
1772,132950.69792096512
1773,127224.9039864685
1774,140839.02117265807
1775,141654.23758090058
1776,131796.4926796243
1777,107169.77511869483
1778,140737.51658805303
1779,126916.91038492566
1780,172531.731267093
1781,127184.66557155273
1782,86804.1575871486
1783,148870.39539317184
1784,104648.2356950218
1785,115256.273658886
1786,148109.2197455983
1787,167921.08889034213
1788,60867.558168664335
1789,100828.8574216585
1790,81640.43826185942
1791,175607.71086292324
1792,152270.66930301624
1793,130843.73089645308
1794,155377.50783121662
1795,137962.8601181565
1796,128016.28967569502
1797,105311.06256335802
1798,122261.07705948876
1799,111929.69542884517
1800,138265.77608935433
1801,128678.20684981438
1802,137083.05011072455
1803,147609.12021656224
1804,143121.54183696493
1805,135028.50668053437
1806,121541.27087063808
1807,129402.59092197992
1808,128977.36496283083
1809,131619.08290448354
1810,135251.1968249219
1811,86484.18978058182
1812,99182.56669824335
1813,122829.9453858541
1814,94657.06984607213
1815,52026.62830419784
1816,100610.22537736977
1817,113615.1752690238
1818,155005.99197351516
1819,128879.52112267766
1820,51776.300476811935
1821,117668.48370229745
1822,148916.16833002598
1823,43711.811377658814
1824,130074.73011535824
1825,147125.08417286485
1826,111219.98354804925
1827,98437.93278537442
1828,139511.26043933423
1829,118923.8288312479
1830,147278.48029326464
1831,142839.09021317906
1832,74665.26697002233
1833,140561.46323542375
1834,120498.56692434392
1835,121271.01675524464
1836,123240.75764064079
1837,88126.96724594723
1838,130203.76038192242
1839,96025.20346452258
1840,155066.9023014162
1841,138795.60583868987
1842,92040.51171988717
1843,130490.33348291725
1844,144738.8589425559
1845,159130.65964370556
1846,148228.98358449066
1847,177535.70304917896
1848,52444.18727187036
1849,99691.09367199587
1850,118680.9199475532
1851,163149.80015261009
1852,123063.04646099861
1853,130062.24530530843
1854,161534.49426552543
1855,157353.74506476635
1856,223844.58258128358
1857,128596.20893429553
1858,135754.38760660207
1859,116533.21148962984
1860,147653.99599338527
1861,118371.55077371722
1862,307411.9732764793
1863,280031.17094959563
1864,277579.6153872874
1865,351984.7107546247
1866,328377.82161974604
1867,233934.0508619739
1868,306105.59013763967
1869,205679.44646572624
1870,237871.08662003177
1871,251390.7915641737
1872,175564.95454855697
1873,238994.67455473813
1874,141292.0107355971
1875,197331.80870783646
1876,197661.61424390489
1877,208715.5015225581
1878,195895.7343882122
1879,129893.9510304547
1880,133155.38483893508
1881,248201.79561461523
1882,250198.9003162157
1883,188170.9759688412
1884,202108.12203405675
1885,227022.89343914168
1886,285529.1762915782
1887,203977.30649823323
1888,272897.5515392093
1889,167780.4392201028
1890,126243.78866294034
1891,126848.29175645493
1892,93994.88285111793
1893,130235.97437528582
1894,120437.54513894288
1895,138819.42587910863
1896,124514.12844083569
1897,115428.62274908801
1898,116363.14038471492
1899,164951.92807871677
1900,146318.0755671895
1901,167365.32147524055
1902,146473.72269346326
1903,218838.09746258106
1904,141961.62165449967
1905,194816.3128094698
1906,162709.9359412681
1907,220916.54057501076
1908,106864.96098136573
1909,134628.04764003877
1910,120977.34731391488
1911,234608.93942726852
1912,339783.7869737922
1913,145569.34655521554
1914,52100.90480430879
1915,320593.292416871
1916,70364.7876486726
1917,252474.7361361062
1918,138299.62427937202
1919,177520.27710355105
1920,158090.10895595571
1921,380698.6670278016
1922,322355.6943367046
1923,234440.0026619799
1924,233617.2490249238
1925,204298.29374155667
1926,393267.93265017023
1927,138600.3608828967
1928,154194.06870199728
1929,128224.89260355869
1930,143740.42110798738
1931,137488.04617150704
1932,142911.5316523835
1933,179095.55191256292
1934,176666.3280194879
1935,171070.61199608925
1936,188750.83933486053
1937,181486.05360202005
1938,170072.63293448626
1939,257527.90309042783
1940,181101.20308331703
1941,171042.76393854973
1942,179066.822580859
1943,209366.47630462036
1944,371430.5267573614
1945,395010.81489036826
1946,140708.10714523323
1947,317875.0197526062
1948,167287.45613425138
1949,237367.53438311745
1950,187288.74892203065
1951,245694.5389290179
1952,203818.9085945181
1953,169472.6643085875
1954,187370.9644795906
1955,138376.42607352027
1956,300279.94643034186
1957,152597.73381250075
1958,277410.1796334924
1959,140987.246287577
1960,113610.47556095621
1961,121200.18553697063
1962,100150.1821927487
1963,105086.13478963509
1964,109278.83677785615
1965,139969.40969790542
1966,137302.29844645615
1967,305334.7441080186
1968,414887.68997474154
1969,381554.0862034644
1970,423466.3897646123
1971,455330.17561277864
1972,382097.7566724603
1973,285561.54505123507
1974,317246.6766349258
1975,529298.6382627586
1976,273472.9201585858
1977,361536.0402593261
1978,341236.09967972565
1979,341544.1377259945
1980,204884.55635234911
1981,344534.20523844374
1982,225485.25968065203
1983,209457.62822029256
1984,169291.10067090104
1985,222445.53540537108
1986,214533.00199447453
1987,176931.43562245066
1988,173633.19802349206
1989,191789.07000009067
1990,212430.4495056192
1991,235145.89809550327
1992,216711.61050050522
1993,164354.0823528517
1994,217069.15733526825
1995,185402.3368130434
1996,250238.55806652832
1997,288409.61938602995
1998,322382.32944639586
1999,271949.79947406414
2000,325663.8159907113
2001,284422.09049913386
2002,238325.88551068702
2003,255652.9106567699
2004,308980.9668021234
2005,217050.44294161443
2006,218263.81922743347
2007,263755.80452298565
2008,220111.61781552306
2009,196370.04048063428
2010,191795.2606871719
2011,142307.44544295623
2012,172650.0744733965
2013,184867.41492856017
2014,190020.801075575
2015,211415.36585915944
2016,196652.6358761041
2017,200235.65021894537
2018,121733.59337859807
2019,132784.7306048927
2020,101625.22030018165
2021,103206.08662407116
2022,192701.14914863303
2023,139954.10580509255
2024,273146.7503630543
2025,371028.7487857813
2026,176223.9412396014
2027,159921.83579026308
2028,147531.86087235136
2029,165470.05867586314
2030,277163.0106520075
2031,238247.97661238455
2032,245726.48797596555
2033,260497.33676537487
2034,163741.63580516668
2035,227083.61427782112
2036,195076.31481015796
2037,206813.16282808007
2038,314696.91786337324
2039,236631.05692229958
2040,305522.1085344797
2041,293725.30477314774
2042,205325.8147166139
2043,168273.1630709497
2044,158851.95764721182
2045,211469.3668399984
2046,149701.93079159653
2047,144484.07450367336
2048,138312.42830866695
2049,133349.67536992757
2050,181977.9478761392
2051,102273.7123251025
2052,120591.9130255354
2053,149355.8017504914
2054,98087.07913448375
2055,167291.57058699743
2056,158419.54463471123
2057,111346.53411276927
2058,215224.1160861453
2059,133313.8258248097
2060,171848.13965553735
2061,171632.86367670036
2062,130861.79463005475
2063,127134.3777558203
2064,142023.60725202225
2065,115055.83162763783
2066,174347.68814658283
2067,112141.13699148678
2068,136640.747675006
2069,80839.5463744604
2070,113475.55301879196
2071,93198.06856704557
2072,132527.1695903685
2073,136276.64685050774
2074,180828.82798329103
2075,148392.29008177144
2076,116694.7085102955
2077,155470.77298700775
2078,128188.3062148401
2079,128778.78837271089
2080,123370.63999528025
2081,124464.44175748069
2082,119754.88883741066
2083,153536.62841956606
2084,113251.13858909793
2085,116666.62345072931
2086,113905.12368272373
2087,117149.99786016815
2088,92116.78402938881
2089,73270.76059263876
2090,124442.45156357881
2091,117733.15458829675
2092,125114.18540009807
2093,115986.39991494914
2094,112090.72035837549
2095,148043.9303832389
2096,85599.89066883661
2097,96812.40082408482
2098,150983.75622838616
2099,54760.45515259139
2100,79401.9155224938
2101,109372.7110979995
2102,128964.1508526142
2103,105136.17466253768
2104,142281.91104412297
2105,132199.0130390109
2106,63884.162474549696
2107,198638.7443733022
2108,118315.54474977852
2109,113491.26525293863
2110,122272.46756628441
2111,138450.51067321785
2112,144444.87464077157
2113,118755.72025048087
2114,121336.65099624259
2115,161246.5810822916
2116,117366.48034605083
2117,153055.5863426853
2118,124855.91691300418
2119,112646.79559988868
2120,116859.02395990156
2121,90798.1564412945
2122,122387.88330863306
2123,80138.50621263114
2124,161183.53006544267
2125,121581.47384284074
2126,157553.03481873794
2127,158515.81866970772
2128,126574.94995654678
2129,94798.24924911147
2130,143131.12016713517
2131,152175.51698575204
2132,118478.62721873277
2133,120569.26761240688
2134,123998.48686498319
2135,94391.37707817473
2136,81731.06648474024
2137,109112.1057424142
2138,133245.70934900755
2139,147783.05921982604
2140,148693.19313662886
2141,162896.56935719817
2142,131046.56351408741
2143,144861.60577457547
2144,107399.7719283185
2145,141101.26008543395
2146,177984.64104641054
2147,125742.15723511051
2148,145739.1839378962
2149,153959.9728424501
2150,239537.73161990344
2151,113300.29201307004
2152,168469.91079456508
2153,157690.90289395672
2154,105164.7924947334
2155,142207.5394422375
2156,254416.26079945985
2157,222721.79861561416
2158,236796.03193264673
2159,219097.36372241905
2160,176936.32420711246
2161,245704.46855643688
2162,385666.94428260345
2163,357186.44260496
2164,248989.26526379018
2165,216316.3139101358
2166,152960.3535723739
2167,222176.66835890376
2168,207791.78771128325
2169,199590.6788431899
2170,220701.67634470956
2171,157420.5256518519
2172,128191.13923368654
2173,161384.48224308394
2174,217780.04693532494
2175,284732.2693841426
2176,312074.97820362396
2177,233142.07197311893
2178,213462.92118340198
2179,135866.83583653206
2180,210348.41505150855
2181,189534.28866352883
2182,227773.91352230776
2183,189504.23087230467
2184,113570.0187665372
2185,129661.23482209396
2186,135768.58978050365
2187,154508.54450463306
2188,158759.05193696424
2189,275802.73510240775
2190,85290.02230699392
2191,81017.46603550138
2192,87702.8925514122
2193,112524.81216444263
2194,101647.11365165387
2195,111200.68541885735
2196,102307.5603988209
2197,114110.59624280383
2198,158885.8230361938
2199,180611.69456544222
2200,141969.58518627647
2201,147493.86762041578
2202,213803.34462627542
2203,143352.00024002296
2204,179024.7873920967
2205,114290.97976380872
2206,136463.74744841165
2207,222442.7394359431
2208,288192.78172445094
2209,244895.9799087336
2210,115947.72705375124
2211,112726.59287284671
2212,115068.94329808006
2213,103768.46100933549
2214,130210.03884987437
2215,103996.83155709543
2216,156199.3775368034
2217,64581.85390149247
2218,70292.40632166388
2219,61532.7965424484
2220,64175.72191109605
2221,323142.7139806221
2222,274401.3680027472
2223,287544.93593774806
2224,210669.1692806868
2225,118959.98831379748
2226,182439.3105816918
2227,196597.38836175232
2228,271110.47952813684
2229,268307.7729580719
2230,154678.67382391152
2231,218028.4924151249
2232,173153.03861100267
2233,184199.53762297909
2234,242546.87464941022
2235,213906.27265621652
2236,258636.62631228796
2237,310755.13528330735
2238,200814.38127941862
2239,112769.06044523198
2240,154514.3863824082
2241,156220.54038971325
2242,117930.6732552896
2243,126244.07605511902
2244,108001.93776753222
2245,101919.66033759837
2246,149804.39013992547
2247,106831.68417803882
2248,122682.18117624747
2249,120149.79939907342
2250,132314.35318292206
2251,116310.6785124371
2252,180496.33822868337
2253,150933.2389955565
2254,182789.1715386348
2255,181175.59626214812
2256,181489.4439124748
2257,206411.42906515862
2258,161759.60832835402
2259,171340.4691830115
2260,157117.4827938196
2261,193382.3222643599
2262,212742.29745001334
2263,384299.47237106576
2264,505528.318590369
2265,151479.78666358202
2266,304234.88998658746
2267,375060.7862702045
2268,448890.16141851386
2269,153333.0167734683
2270,202943.2811418025
2271,209661.26916050806
2272,203073.85588759955
2273,166411.94107763108
2274,180126.40259241167
2275,169112.26530053327
2276,189026.8506856469
2277,184480.82006131913
2278,142484.87901784843
2279,120673.5112359133
2280,117913.3104551649
2281,168826.5649022705
2282,184058.10258555622
2283,108495.50384117979
2284,110250.84798029116
2285,142203.7918574551
2286,122208.77883576922
2287,379751.8970771003
2288,285726.60096244013
2289,383961.1259881775
2290,458895.0941240118
2291,341035.20149721263
2292,429644.68033833115
2293,493314.7900145775
2294,389247.35034979804
2295,491759.72015363956
2296,282978.2118250065
2297,349209.8958747012
2298,328769.8454575123
2299,349818.59086702496
2300,348475.8265057383
2301,331119.82214323874
2302,249791.26197073152
2303,242267.0681358216
2304,242524.879284428
2305,202176.86065753773
2306,191651.27796081494
2307,197337.71803346733
2308,237678.3104716495
2309,280224.47035196284
2310,222306.15070991305
2311,196062.45358754715
2312,173980.95035810248
2313,169323.43386196913
2314,177478.98547498885
2315,173422.9619847812
2316,190057.1427929981
2317,192716.73157445522
2318,182897.63215746346
2319,174348.90336492826
2320,174275.42360970608
2321,242676.76833524217
2322,179358.75855345087
2323,191452.07455923563
2324,185181.80564237048
2325,209313.50619737955
2326,175008.2930745855
2327,201068.4600742965
2328,219039.19225696605
2329,187439.93260263512
2330,173884.872352028
2331,349507.9915053676
2332,409753.0007141824
2333,316966.7752266098
2334,257809.19164492062
2335,273446.796110308
2336,311453.0222173867
2337,194457.20196350428
2338,267731.3304996953
2339,212056.9707921808
2340,393889.84573984944
2341,212954.76986956346
2342,234386.29851638858
2343,230620.34807022518
2344,219536.7642822424
2345,225759.4156176361
2346,212616.45312799627
2347,196161.78163792592
2348,250120.49126875444
2349,184660.32747303374
2350,314106.5849303823
2351,256321.16485578663
2352,267087.00391340017
2353,246207.39710891113
2354,134893.51360748685
2355,144414.33265118054
2356,150327.66101651572
2357,188844.4654503818
2358,200970.4576035403
2359,130831.18963502234
2360,116537.80366148204
2361,144143.7396085666
2362,266649.5169595226
2363,131155.1432889535
2364,158177.6096195768
2365,219716.71798433643
2366,198706.44183897256
2367,225959.7750563791
2368,213575.13504607766
2369,214571.28613623488
2370,166145.35839751913
2371,164025.70528476406
2372,187382.82720090318
2373,274250.19341965
2374,316833.28520550963
2375,241662.42761057243
2376,282419.0632700727
2377,358908.2337121173
2378,153898.48337308122
2379,203098.4337402654
2380,150820.69112273876
2381,160512.59388005402
2382,203409.71944259948
2383,208985.9778185464
2384,244030.6251511708
2385,162487.66336898113
2386,132553.11051006548
2387,140371.21542110643
2388,107567.71585662756
2389,126135.73652687899
2390,156947.38205038648
2391,141580.9280269978
2392,118360.63014364899
2393,169008.45629594932
2394,138167.3407151236
2395,203522.16710299344
2396,145764.6358707665
2397,215777.36082604487
2398,128997.8081756525
2399,65869.3959260006
2400,64977.13950176704
2401,117217.83026671172
2402,136694.45972572578
2403,140614.98729178504
2404,160579.7155862522
2405,152572.11888330753
2406,142462.53936885865
2407,118413.67684253916
2408,144083.03202030712
2409,117102.91010333436
2410,171368.26874401144
2411,115657.19658457175
2412,155401.24136061248
2413,135359.77243671613
2414,154675.88851780203
2415,128557.09958123614
2416,125786.36588526431
2417,133643.6756648278
2418,131920.69075930706
2419,124018.23531403707
2420,123993.61059461208
2421,147976.7315656141
2422,111444.86243424595
2423,117356.2136802379
2424,159729.90849480097
2425,210870.94425201975
2426,125656.34831599167
2427,143011.9411946417
2428,177768.98429360977
2429,111964.86049513152
2430,132233.91433981355
2431,108593.5796871356
2432,150037.33323620915
2433,143262.2864591503
2434,142530.2300758753
2435,152171.09128668616
2436,107541.55564179279
2437,107483.42460149992
2438,121935.23763305323
2439,101538.61465508303
2440,122535.28814834241
2441,84260.97549724387
2442,94723.27724602958
2443,130851.81702388225
2444,139601.64715921777
2445,87987.1682027676
2446,135484.84150282186
2447,176098.4962979281
2448,130529.57606018092
2449,114519.55792842156
2450,152349.8125137209
2451,120544.09645182746
2452,199529.95410232115
2453,94192.30534252779
2454,125020.48654105673
2455,114215.95246265417
2456,142034.80934465933
2457,142927.84829339117
2458,136091.72475159995
2459,110972.70645235103
2460,138922.30446890576
2461,128191.50084552588
2462,130918.5810930294
2463,127628.94666065206
2464,176524.08666707037
2465,146119.59555092582
2466,110426.12251111415
2467,131407.2329825691
2468,90114.74141932257
2469,82243.71577176954
2470,208979.76720831325
2471,211857.47769412267
2472,164325.58685289626
2473,113265.19741323679
2474,79850.50830459528
2475,220547.49548796756
2476,116950.49684122484
2477,126857.48648218173
2478,147498.81062173238
2479,110764.53375121829
2480,153043.0749060584
2481,129329.14199931144
2482,119005.45974348632
2483,113916.3917611454
2484,127377.46222956259
2485,129251.95009255398
2486,156137.19637460425
2487,168325.72091731054
2488,164828.0548894221
2489,155758.4878531076
2490,145018.4909431584
2491,86871.32542113202
2492,188005.01798505266
2493,173597.30751873733
2494,149733.50801772304
2495,89671.81652173674
2496,247445.1053416895
2497,154658.0658660618
2498,110207.46219840192
2499,83770.69200639846
2500,119135.7667242471
2501,131135.0884698234
2502,145249.61993543062
2503,87077.13717079349
2504,165801.99215205642
2505,240839.00862232855
2506,262655.98697085556
2507,284561.48368144827
2508,260060.74826312094
2509,216499.9021220626
2510,220373.60912602645
2511,176611.90837525297
2512,208033.90994006576
2513,212771.65432357052
2514,285823.62421106244
2515,150104.84443692976
2516,180117.0584631387
2517,147879.08824815555
2518,150398.15246870133
2519,232274.0911583539
2520,215305.10309528926
2521,187520.14759327413
2522,222549.01487464103
2523,120361.47814762934
2524,137070.5149673846
2525,138711.4520247487
2526,139845.24110647457
2527,121152.35001295668
2528,128405.42498414211
2529,136684.03500157228
2530,129214.00299189409
2531,245574.20610015027
2532,230590.52428281133
2533,193397.71223084745
2534,235074.33633046082
2535,285848.9044105773
2536,230320.23197146942
2537,242672.34983678602
2538,182720.69860032198
2539,185976.39958885752
2540,175986.16843654145
2541,181003.13968735514
2542,164644.42512024753
2543,118738.43550574727
2544,113783.89061220032
2545,133777.76620871417
2546,121534.12958404058
2547,138159.08159835538
2548,148577.076060868
2549,160720.49255487852
2550,764131.9708841023
2551,145742.0348662415
2552,126345.75640099899
2553,77801.49126958645
2554,92247.43850954369
2555,109081.47050543291
2556,99571.95500549077
2557,101709.01047927486
2558,160407.3584785107
2559,139810.5128133688
2560,154569.15232668223
2561,141669.32646769044
2562,141799.68362130446
2563,147883.58588115478
2564,184235.36673731272
2565,134559.256653934
2566,159977.0649150136
2567,131451.8834885169
2568,203523.86314274228
2569,240458.55874786433
2570,116750.03948813377
2571,190486.82440380516
2572,151164.14146895212
2573,232025.6782154559
2574,356044.4685156811
2575,142024.23256285785
2576,119261.16688438643
2577,154110.89629187365
2578,82306.5239771222
2579,64021.1430729945
2580,81713.84330009492
2581,90104.02452212459
2582,93527.96954844547
2583,295924.35615349375
2584,183776.81208408327
2585,188345.12800295
2586,215047.84949443184
2587,191760.74049907
2588,138790.05891163627
2589,153707.6659778054
2590,202500.7785179912
2591,227942.91406123136
2592,205048.19717025926
2593,259057.36448492552
2594,186094.04906453882
2595,197113.6543245517
2596,300386.1495801177
2597,179052.8605937416
2598,276693.4287830273
2599,323196.55828726484
2600,146690.49199885593
2601,133696.9541855941
2602,79461.18323679091
2603,97079.48767204766
2604,83649.14894713441
2605,75891.36817783111
2606,151481.87716270366
2607,193959.88993155418
2608,191176.0613978908
2609,165607.82578996132
2610,105854.76629198379
2611,130558.8161981514
2612,155229.5133570644
2613,135744.25156237435
2614,128329.24004435171
2615,153022.4842406708
2616,145077.55564062728
2617,178009.0839246312
2618,197539.91005586038
2619,197098.0438608725
2620,181384.4978405398
2621,176445.70742780349
2622,178493.09562015312
2623,243118.60867297187
2624,280149.1308656104
2625,286703.47599641996
2626,166296.43154195172
2627,166141.88452685197
2628,495732.9416078907
2629,521574.5025708917
2630,406772.43506138335
2631,451434.54337514023
2632,441949.1351155721
2633,322252.7984700613
2634,422253.8970577661
2635,152350.05497640485
2636,170463.77778418944
2637,170934.0542403022
2638,265330.21408113453
2639,193119.73996025708
2640,149104.34702333962
2641,103272.84294104818
2642,186444.2414329467
2643,104701.39680707987
2644,124842.98876696665
2645,110707.30744829791
2646,96386.63338516055
2647,100757.18459701516
2648,145749.9225191449
2649,160716.83469925463
2650,136331.63369832793
2651,140641.6381648037
2652,404610.4533810458
2653,260126.37971884396
2654,259217.77805089895
2655,390104.57176036114
2656,338871.58004679345
2657,334704.6486026583
2658,309026.8994937969
2659,311500.14247035683
2660,355868.1183696924
2661,359836.4106901109
2662,370052.8478905524
2663,281160.1794554371
2664,273723.5425646192
2665,329286.0230810903
2666,301802.305404059
2667,165938.37321394702
2668,178008.25537566442
2669,178674.5165618829
2670,279349.5893684416
2671,183508.40204867622
2672,198942.59822458844
2673,205680.7351499435
2674,198138.99638490952
2675,166609.8271968023
2676,193201.97707991555
2677,195753.97862228923
2678,232886.12515401692
2679,288751.01490626985
2680,295578.134009378
2681,400707.36827525916
2682,333171.3193434074
2683,488725.8678544195
2684,331804.7034382977
2685,320898.4153807415
2686,250071.78093212572
2687,308096.3487727945
2688,211128.52739463397
2689,206321.53444275778
2690,385451.21443956223
2691,190023.43020154614
2692,136420.54149982915
2693,197396.26892312008
2694,131893.07621560895
2695,193484.27595817446
2696,183985.34212351448
2697,185688.60907447324
2698,190082.6072083782
2699,174549.34538190902
2700,157992.54858772273
2701,151127.39204289886
2702,109126.30375386358
2703,112966.5532342713
2704,147473.7970236703
2705,116920.75087499214
2706,109889.64418908973
2707,122831.01845141461
2708,135143.13854670647
2709,102575.58888578511
2710,127842.85353915865
2711,295035.34662812535
2712,385011.01121358975
2713,173237.7415314979
2714,152147.59122555694
2715,172110.85077352764
2716,140721.95287384695
2717,188102.17476328218
2718,218975.7690835587
2719,154632.5331617127
2720,171047.984629536
2721,133724.93114819456
2722,153660.3411227923
2723,141171.37503053498
2724,126083.26676254644
2725,129936.39693185451
2726,149635.450095866
2727,185886.47243456362
2728,179047.80283397247
2729,149239.2847754333
2730,146862.7152998895
2731,127153.17874344254
2732,134997.14857158458
2733,161758.23361980583
2734,148875.00139824924
2735,134800.03365388434
2736,145444.01770231323
2737,123963.3281827853
2738,132648.46254972086
2739,156949.67628447196
2740,137650.2772225722
2741,145738.625892012
2742,154707.5580182996
2743,153661.82849531923
2744,156947.23972249604
2745,141142.10677289934
2746,141583.20198106024
2747,159170.68026066726
2748,127719.272500879
2749,124744.14295549394
2750,136064.22812228737
2751,134342.9232075224
2752,211209.74945655212
2753,149728.23874927405
2754,215113.86493999907
2755,133333.936194784
2756,93508.59185369362
2757,67241.5458713175
2758,88562.62938083387
2759,169957.88706891602
2760,119383.58006742907
2761,144545.04134769915
2762,143463.80721697843
2763,175089.97639441496
2764,154855.1445306576
2765,282597.4121524257
2766,138539.8091923486
2767,88787.23271735125
2768,130724.89387842738
2769,127589.47736205129
2770,136073.85891048686
2771,106639.09123808474
2772,105279.54001283098
2773,178120.72303031012
2774,145586.44756065303
2775,108958.64369362486
2776,143469.94475619603
2777,152795.4125240156
2778,99672.49894589889
2779,118494.76895638843
2780,91682.09200285817
2781,91532.44807074794
2782,98616.5197479148
2783,93838.88755802177
2784,117617.74677661371
2785,139950.8768383382
2786,63399.518322317555
2787,118483.49452061944
2788,68360.1769085529
2789,159232.53986035305
2790,100638.45423431406
2791,112327.55661219421
2792,47978.91623752994
2793,170852.03024581747
2794,95200.39278574033
2795,126887.86446831125
2796,95663.14014215262
2797,204341.4047980352
2798,101604.85976253325
2799,109632.21029079784
2800,67514.19849737025
2801,109538.6672653048
2802,128046.20485486051
2803,159021.5124477919
2804,137997.1793854977
2805,102614.99660751606
2806,83324.11472421544
2807,167595.82745097927
2808,154198.51542742376
2809,134420.89730766427
2810,131355.54300011712
2811,161848.02065370348
2812,150970.0694274845
2813,142145.56058697475
2814,147843.41257500663
2815,87792.16536125068
2816,231744.83975120148
2817,160270.67194600048
2818,137735.37300905498
2819,172568.48045794852
2820,140823.13960011702
2821,104944.883247312
2822,192673.89311733
2823,308435.95765501296
2824,165845.0985660489
2825,144472.99968250448
2826,137225.15030563666
2827,136996.5792250689
2828,215258.98604314987
2829,211101.63879630854
2830,215888.28079420154
2831,177742.7701964658
2832,243884.59274705453
2833,288094.08835620555
2834,221679.49272525712
2835,224019.5318940856
2836,194746.40121948623
2837,161017.73202955833
2838,151062.62747729264
2839,178157.10672589196
2840,200262.53135155555
2841,205021.35826806136
2842,230640.34712476013
2843,145448.6796171813
2844,169379.96348801057
2845,121888.45459059726
2846,209061.24051093473
2847,203337.9484628673
2848,221874.4103889396
2849,197550.42867012613
2850,279068.46547856514
2851,202858.40185855186
2852,242092.9130410775
2853,243517.0157151717
2854,138823.54708383136
2855,197753.90956933956
2856,200518.0129584386
2857,189306.1311281163
2858,196484.5438990578
2859,122741.60182084926
2860,133819.61831332365
2861,123396.76064350296
2862,190866.4856738625
2863,131269.83652755347
2864,256141.33678070534
2865,143334.8895043642
2866,138619.28806951334
2867,97287.20559864346
2868,101697.84911986665
2869,99646.61574067058
2870,126326.91263919952
2871,88037.26784283013
2872,54340.78916044132
2873,93641.51317117992
2874,137706.6428342346
2875,117340.12325441308
2876,164342.7348190872
2877,148791.89940736847
2878,164019.92778290834
2879,139914.32693481212
2880,101102.05120545035
2881,139303.6275051101
2882,174254.52080238296
2883,199242.3219359697
2884,201159.45889610721
2885,185424.83976011965
2886,236828.68267621507
2887,96560.56134916045
2888,149685.00864131056
2889,56374.21754092751
2890,77630.74256164565
2891,148563.07472606102
2892,38574.5061820429
2893,62430.43948449346
2894,51252.73380882587
2895,336062.71574881155
2896,284335.44328864984
2897,204936.40277152366
2898,143269.6089025778
2899,207505.04894456963
2900,163550.94116763305
2901,203079.08443653997
2902,172808.81630405612
2903,335553.89151635795
2904,348067.81052674586
2905,84327.87399418978
2906,198688.31565265334
2907,111936.39468042931
2908,131419.26925760295
2909,152314.28692707772
2910,79289.65073331074
2911,79456.5410060172
2912,145126.0731735569
2913,77640.03688079122
2914,71851.54766965623
2915,83000.05309447752
2916,78639.72185531796
2917,166783.182103126
2918,117884.5945242635
2919,222927.37633536075
