Id,SalePrice
1461,120132.96789116257
1462,150662.36220398382
1463,184985.91835312813
1464,193494.78511271844
1465,199730.2709854916
1466,171792.47183507215
1467,172803.9833958032
1468,161359.0386991293
1469,187657.99861625722
1470,121764.42441016501
1471,186129.00833976813
1472,96091.46274158404
1473,96318.6508496415
1474,143531.91874304807
1475,109652.55375421148
1476,365937.46132724
1477,258585.8488073783
1478,295479.82365197875
1479,292485.66729775735
1480,469420.3925087566
1481,332331.468191046
1482,214910.9888001839
1483,181440.10197068387
1484,169028.82313496532
1485,190381.3021065151
1486,191955.90002707954
1487,343073.4450879214
1488,230672.64999602668
1489,203108.70623898026
1490,238850.14878695196
1491,197813.41907998832
1492,88890.47568163674
1493,183906.74589511077
1494,302449.3010787711
1495,289944.0530374071
1496,236964.12585262192
1497,178252.25416518468
1498,176589.46940907338
1499,160852.85675096302
1500,153224.1040949545
1501,178179.89684935176
1502,141994.93498883714
1503,281256.42315953097
1504,244662.27648930484
1505,226971.60458479731
1506,184199.47562565404
1507,248201.16227735922
1508,212440.20614412843
1509,159645.77286288657
1510,145776.13529231653
1511,155823.10183764042
1512,170866.57049064108
1513,142412.09194475634
1514,155263.61568811024
1515,190454.85603963846
1516,151118.61411932835
1517,165674.28174113174
1518,129416.25850834884
1519,216721.24004978416
1520,129163.40676700999
1521,132478.06890684212
1522,172400.4882671357
1523,112773.78184567057
1524,122596.06431816341
1525,122063.09575862423
1526,114621.12280250271
1527,106252.09543814014
1528,128470.69634516395
1529,150064.09677726994
1530,183465.87938137274
1531,113484.69106120046
1532,93622.6871983715
1533,149760.36831661608
1534,114547.29940860308
1535,151007.65057188002
1536,105497.2214339486
1537,66280.51351057607
1538,156601.957557468
1539,203952.51965875027
1540,92151.97308674539
1541,143742.4267330052
1542,139734.86395043973
1543,196523.38801367182
1544,84081.40583163449
1545,113588.12503747319
1546,138116.25363257967
1547,133542.0236429522
1548,136376.8313547022
1549,120977.62790626944
1550,140659.6282397654
1551,102983.27659330356
1552,135681.04044738173
1553,140774.4934975856
1554,114052.26844511292
1555,166678.7946538432
1556,84768.78729760853
1557,105203.77868467497
1558,96431.30460538057
1559,64549.58573186243
1560,138055.31243285353
1561,127020.9500415334
1562,131265.5586805377
1563,120827.18346142156
1564,160229.51021628646
1565,151798.88729037708
1566,245253.21455743868
1567,73090.76296419074
1568,236042.03989410851
1569,135780.37931406868
1570,138008.73792295108
1571,117963.12900660487
1572,143589.58130276023
1573,253019.44272903842
1574,122951.8985480005
1575,233464.52619276097
1576,254370.4191064498
1577,190177.40714476074
1578,140680.2182826781
1579,146623.3746932882
1580,193235.77677699356
1581,155689.10682839085
1582,125602.47830256581
1583,296929.84077950235
1584,219731.82100150714
1585,141020.43596511893
1586,69142.44144532603
1587,105803.71488761637
1588,149479.19918250968
1589,94709.78405036074
1590,128947.51652301564
1591,90748.65789027791
1592,109032.27201996982
1593,122216.37204119797
1594,117319.53372167647
1595,112747.58100627192
1596,227586.26343479296
1597,193682.07286108422
1598,228219.89508103483
1599,174401.6755950189
1600,172252.36543881666
1601,65945.79609407132
1602,117077.53467083468
1603,68909.55715165645
1604,268519.9633101009
1605,240090.5333359258
1606,161954.0669995376
1607,180661.45516370662
1608,219905.21587450415
1609,184498.26991510365
1610,149120.02158644242
1611,139147.7728363095
1612,174556.27786173442
1613,165355.0723090421
1614,119462.11338398296
1615,86468.90847830212
1616,73320.00461381167
1617,87960.25226973127
1618,129349.14900465077
1619,140288.84079672914
1620,164050.32039000213
1621,135096.23040305948
1622,143204.8107790846
1623,266209.54860591586
1624,219338.9692088017
1625,116476.20280352206
1626,166136.76213213318
1627,188698.2028210295
1628,279880.3549681444
1629,178256.36836768506
1630,342621.5085937667
1631,227307.04193671703
1632,242132.87036756866
1633,172591.543448668
1634,186451.76339380967
1635,174598.15926775782
1636,150117.989712942
1637,205739.6192627325
1638,190976.06518494737
1639,182205.0140759287
1640,251379.5086585617
1641,178834.99653609592
1642,237179.3242835451
1643,226321.32956955634
1644,234900.86930226817
1645,201882.6758750072
1646,158714.02150676883
1647,154748.4372679737
1648,129824.04949769183
1649,138892.90326518056
1650,110653.37649466596
1651,119884.80445918934
1652,98466.85753553013
1653,99699.38534385402
1654,143616.13454658043
1655,136218.27079539132
1656,139755.91986868935
1657,147999.7626607707
1658,148093.06583264205
1659,117107.67300752632
1660,158739.88410078952
1661,460840.1705088475
1662,383456.519365399
1663,386974.82190333324
1664,465568.54432177375
1665,302981.6809562913
1666,326378.7878819839
1667,381963.2186071288
1668,341902.4789030999
1669,305155.02884665347
1670,354431.28738900524
1671,269182.3606297054
1672,403636.21019642014
1673,306065.9751612468
1674,241148.54663466784
1675,200596.35783925853
1676,200818.6155656279
1677,224515.33289734594
1678,452620.78922622465
1679,374331.43527555896
1680,324422.224421974
1681,249625.62616363086
1682,319848.29724547267
1683,178926.21326941316
1684,174978.46247994594
1685,172907.24371147226
1686,171218.86989839654
1687,168571.2862476783
1688,188532.021032582
1689,192051.04636771593
1690,197191.92510218627
1691,182443.13026775775
1692,257803.5722155782
1693,171733.29272527105
1694,178493.46846932793
1695,163341.93131192008
1696,273894.6791205408
1697,166236.92535554498
1698,351449.82055300666
1699,322034.18148521
1700,263097.33668141963
1701,285391.72521561245
1702,254692.01065311578
1703,252883.20875720534
1704,284323.1337646035
1705,248775.0287330329
1706,409326.0434223326
1707,213567.46687573055
1708,206116.7700970412
1709,284785.5452599757
1710,232630.19271834154
1711,283531.4906574989
1712,274088.5599204814
1713,267339.6404423411
1714,218819.29420954493
1715,210393.15033448153
1716,183171.97463264712
1717,177106.60419970372
1718,132079.48613431546
1719,207242.19952974227
1720,237832.91459966192
1721,163508.45123689692
1722,122317.83149496333
1723,155616.03254254107
1724,213817.35798247656
1725,237369.88647334272
1726,188230.88017678916
1727,157131.28847576774
1728,168982.4483353683
1729,165039.2220380321
1730,151054.97988851974
1731,123694.97624502807
1732,126568.02529159437
1733,115496.68864021321
1734,129259.36563583609
1735,129426.25736125535
1736,112603.06370115571
1737,310398.1404502955
1738,246234.63649624813
1739,239162.6363003678
1740,218992.37205976652
1741,200433.32883112464
1742,175919.03413764577
1743,181249.47438718128
1744,315557.88783715275
1745,218353.22696717913
1746,178394.24364059218
1747,221981.31746150245
1748,222767.33110171015
1749,145517.01585066237
1750,124853.30581217672
1751,252132.49354453373
1752,117793.17154227408
1753,146573.44549042248
1754,192542.82615722355
1755,166653.93553104295
1756,125489.11039149904
1757,121149.52693206175
1758,145638.77699627844
1759,157940.13149186934
1760,166723.1941922962
1761,141945.20386487106
1762,176613.05997714167
1763,172294.35733180484
1764,118493.8391961738
1765,177950.08971252435
1766,180197.29079212315
1767,221141.33302426737
1768,142797.27268461176
1769,165578.93739196876
1770,153916.4570750539
1771,126077.68409831917
1772,132063.06861540893
1773,125505.88058340922
1774,143422.92508715545
1775,139683.34104318297
1776,127613.8217446237
1777,103724.7699906418
1778,143528.79783805634
1779,124698.14171269942
1780,170710.12938489454
1781,129248.98381198928
1782,91668.6526482042
1783,145495.54300404034
1784,108263.18319542913
1785,118527.46638272268
1786,137797.76371748117
1787,164876.6040773986
1788,61104.07377758641
1789,100306.24907038726
1790,83772.34157814963
1791,175585.31950795907
1792,153017.2290898589
1793,127812.39442049505
1794,153213.75445602115
1795,132150.75584232624
1796,121697.57435564646
1797,112182.06715260984
1798,122876.59291064553
1799,112998.87379382436
1800,132035.15397831105
1801,126620.08272229538
1802,127819.05053817002
1803,144386.1066759082
1804,140523.5979451392
1805,134623.5825634286
1806,121659.70287562338
1807,133122.73924333017
1808,120023.18703043906
1809,122586.81552488256
1810,143655.80020093836
1811,86723.44500941006
1812,97311.28573587783
1813,122158.36657242876
1814,92836.65798541324
1815,55609.697263723036
1816,98898.81557316588
1817,115294.10772625473
1818,146481.82490602942
1819,125800.1557770052
1820,52453.685134064224
1821,108796.57073725572
1822,152566.93200152053
1823,43189.923971487166
1824,126745.62372083112
1825,139512.33642598844
1826,110195.11307309783
1827,101208.36588236027
1828,142680.3047321817
1829,121497.26588608787
1830,145746.40368477802
1831,142119.59444331742
1832,77100.14526989145
1833,135885.33547575003
1834,122790.89588125082
1835,123227.49153727385
1836,123354.30196462494
1837,89036.53389370798
1838,124580.87596896883
1839,93945.16341509114
1840,151163.80027711997
1841,138345.95136719022
1842,87483.62185891152
1843,133675.06587850166
1844,140609.2796283574
1845,146315.6173740793
1846,157751.3644709363
1847,167481.18796082423
1848,55686.60997599593
1849,101784.57196068183
1850,119241.78648634224
1851,155615.27526870352
1852,132167.2200004406
1853,130118.59388056825
1854,162401.50125428376
1855,150720.61901468926
1856,229215.51690085322
1857,137424.13070746325
1858,134512.46241375402
1859,117935.04812860693
1860,150586.38460696567
1861,118415.70993361333
1862,311150.61030112667
1863,285584.5762503793
1864,284103.09507026646
1865,346026.23069623136
1866,323830.5932723849
1867,230347.7298887754
1868,302561.4754273317
1869,204122.15072326193
1870,237138.14678697594
1871,252331.81494871218
1872,176589.41066403114
1873,244709.64546621998
1874,144620.21124046113
1875,197393.66215451338
1876,196722.0870352924
1877,210611.96317875848
1878,207101.4191035917
1879,131370.94557760362
1880,130415.29234490113
1881,249107.84424082443
1882,251088.7641574887
1883,183713.06117091293
1884,199415.65853205512
1885,232776.57085688834
1886,287099.393019492
1887,206399.44969791765
1888,278295.94139074587
1889,167733.24536797253
1890,125263.53710451418
1891,127117.51405668483
1892,98116.06355770025
1893,132428.5015832279
1894,121623.55258412563
1895,138875.48824225215
1896,125618.40105025114
1897,115031.42793518912
1898,114660.47440545858
1899,157662.64995719615
1900,155173.267036637
1901,171073.87537773742
1902,148969.63267507814
1903,217747.49437326027
1904,144680.48994528977
1905,198129.3550279421
1906,163365.77701740834
1907,222516.17035698355
1908,105443.78620240813
1909,131206.67749155365
1910,117389.85813489079
1911,225136.6442683252
1912,327196.97064381157
1913,143222.94232935994
1914,53391.99987368313
1915,310694.7556040851
1916,72438.8359957747
1917,250499.71769498935
1918,139034.73302703572
1919,172332.9140735192
1920,155281.54856589125
1921,378497.76072294265
1922,313304.30508821947
1923,231325.20766973903
1924,230591.850413807
1925,198392.39459337722
1926,377919.7830176699
1927,134437.4394769423
1928,154440.94955097613
1929,128356.98738775888
1930,132481.7929075638
1931,141413.87442820056
1932,134040.7382139593
1933,189393.99041687493
1934,179528.11911125752
1935,168402.4749706064
1936,190651.81285666375
1937,183595.8697399626
1938,170273.389069275
1939,248337.4871003379
1940,193241.12797892248
1941,171040.2333783092
1942,177330.2727023877
1943,222859.9290041681
1944,375196.4244441056
1945,388114.8636601019
1946,134751.03187720114
1947,310953.52335838793
1948,171485.07575020648
1949,244087.16180969158
1950,183684.8947256019
1951,250949.98959265248
1952,210241.8080026661
1953,168062.9505023513
1954,187849.3054789303
1955,135560.66828047263
1956,308433.93217973626
1957,150747.66420237874
1958,288418.8802954132
1959,142754.109462295
1960,113444.10191105866
1961,119923.78414769293
1962,99764.86588622603
1963,105454.37125711494
1964,105800.5210790592
1965,139753.86521586604
1966,133219.0208597903
1967,305824.8898055698
1968,411521.76306477457
1969,378682.12316742935
1970,430011.5542091297
1971,475224.6725328437
1972,379234.4873169537
1973,280859.7863093226
1974,321926.7486484917
1975,530437.7086399433
1976,273275.4360343116
1977,360348.9334417036
1978,353847.86858002323
1979,329413.22747993754
1980,210629.7593799995
1981,339405.07187835616
1982,224012.77060314623
1983,211065.99107418387
1984,168236.13373307014
1985,224757.7297093616
1986,212052.8214173099
1987,181725.9784406367
1988,175960.1747462783
1989,188409.51010485622
1990,207116.78245518135
1991,233737.9496809107
1992,215072.92707620072
1993,165230.0777896676
1994,226391.26731845495
1995,182200.367787986
1996,262021.49823517262
1997,310658.1191700114
1998,319838.66210121394
1999,276312.95851282874
2000,322218.5090979834
2001,288866.38762525714
2002,243799.41631365073
2003,269403.34739504475
2004,301433.2011813685
2005,222756.56398235486
2006,221889.4961185929
2007,261790.94831720105
2008,224625.699140274
2009,195334.82869602458
2010,196158.82557960387
2011,138656.95712995328
2012,175562.58045246502
2013,180658.1212215807
2014,188076.28368023573
2015,211634.88281327774
2016,193746.20097626347
2017,195833.15611258408
2018,121516.02661666035
2019,136420.61601980534
2020,102102.99187965124
2021,104055.16553015093
2022,192242.91160069162
2023,143384.3942232137
2024,275539.6491548525
2025,366874.08625954494
2026,177184.48666543892
2027,157605.51364155245
2028,149875.20339519138
2029,162435.90704753823
2030,264799.2577703453
2031,230797.74398673084
2032,240268.69463043913
2033,251075.40502320553
2034,169748.04998479265
2035,222369.5117000662
2036,197673.61700339743
2037,213407.15464054293
2038,311597.79373297485
2039,235904.1689578236
2040,299171.3884735321
2041,295307.6087953906
2042,206462.5021685471
2043,173154.87677184012
2044,164931.8923064531
2045,209602.17281740566
2046,151397.8082274195
2047,142721.0690606714
2048,138342.5344081908
2049,137289.07059412412
2050,174887.59683213715
2051,104149.52600055712
2052,122499.90731141296
2053,148222.90887266907
2054,95474.56730350564
2055,158823.87528993792
2056,146508.18805509323
2057,112386.95848478557
2058,219577.85652407346
2059,133162.21403080758
2060,173264.56995476593
2061,168336.97500007795
2062,131712.8375971149
2063,121391.84414050543
2064,137511.92414852747
2065,122283.09703463023
2066,163996.3781575925
2067,110473.31576004265
2068,144919.66859564392
2069,85256.2313645896
2070,112766.2812688675
2071,94328.4141072959
2072,139920.11734893473
2073,133054.88364162316
2074,180624.0781642724
2075,148297.8555107868
2076,115169.2444005847
2077,158222.17015205245
2078,126003.51023098826
2079,128510.49297090694
2080,114940.09728416054
2081,123336.92713780137
2082,118234.8723192171
2083,146595.49785615015
2084,111784.93115868664
2085,118175.28665878782
2086,109522.42502428402
2087,117697.36562667412
2088,92589.1996322915
2089,75215.72446829906
2090,127530.7029924731
2091,120585.5139068871
2092,121066.37023124206
2093,112683.79630190224
2094,105269.07110570374
2095,153827.13912964513
2096,84383.64173209449
2097,97347.90965958833
2098,146874.61937464547
2099,55715.592928671256
2100,78287.74592041223
2101,110079.32153534786
2102,118394.68461396189
2103,101859.25994000603
2104,139482.2956383684
2105,123777.92566419147
2106,69418.15424921935
2107,197841.48843411845
2108,117528.4245863367
2109,112579.76961589279
2110,124822.14935699088
2111,137011.6229681665
2112,144697.6543698066
2113,121603.25188049157
2114,117411.62129259504
2115,162680.24165117007
2116,117864.17373501637
2117,150588.71317475598
2118,128668.11050369198
2119,113734.77411513154
2120,110578.61419687411
2121,100014.17146225821
2122,118548.26052261317
2123,78356.78373385919
2124,160179.82129868332
2125,129053.64068737943
2126,154762.55196937872
2127,166872.6922538778
2128,129294.52665858307
2129,88906.45488642642
2130,139838.7846997389
2131,139181.3053504587
2132,116021.92951715492
2133,117795.26232982961
2134,123270.87587788422
2135,97532.16028653001
2136,77897.77890410912
2137,109649.61409394347
2138,132804.73597134004
2139,145610.28876827718
2140,145471.3461717314
2141,157691.29502773128
2142,132339.60200725737
2143,144136.5161672003
2144,120197.80179256204
2145,141228.71355147377
2146,175038.16739312842
2147,130148.98198070904
2148,139128.6779405422
2149,157276.91704076753
2150,235670.78103925352
2151,114973.16460368846
2152,159998.6697953594
2153,163496.48411946508
2154,102038.13351466262
2155,139331.11396168242
2156,260300.44323756528
2157,225484.18405224106
2158,240533.20967577683
2159,220649.55590184662
2160,179279.95647757297
2161,240573.11088256884
2162,395471.9728173309
2163,356841.7157128394
2164,254725.4139915831
2165,197919.13342800952
2166,151638.0132945464
2167,218036.3551139779
2168,199297.2275443495
2169,196969.5619768911
2170,216565.77238697282
2171,152866.08721606794
2172,130923.99831767082
2173,165016.3950622232
2174,227728.42392472734
2175,291511.72679019807
2176,305281.2798900791
2177,237753.4400826218
2178,212743.3362030795
2179,139176.0373344779
2180,203030.59041600695
2181,190052.24697600596
2182,228501.62602135344
2183,191939.38972393092
2184,120116.261838746
2185,126536.53694786414
2186,137835.5216909964
2187,149509.07308047957
2188,154759.99541518016
2189,246204.18349199207
2190,82060.47853601004
2191,83227.18845693527
2192,87708.52376124432
2193,106786.21133732887
2194,103385.99216872544
2195,113593.32539390434
2196,103663.34189666288
2197,110508.22545357437
2198,154102.6021519746
2199,187504.98691201906
2200,152391.72751726047
2201,142280.50822735453
2202,213023.2952764478
2203,142618.66565723397
2204,175901.76380242492
2205,117887.60664899781
2206,142055.62387817207
2207,227385.54813313382
2208,272751.05013508315
2209,241100.5288266103
2210,114666.15232857772
2211,111888.80088505382
2212,113765.94557983257
2213,105975.50143860282
2214,128081.86562702969
2215,102128.25611459308
2216,152842.77809185488
2217,65328.288293653415
2218,69768.75032487167
2219,63225.27352156447
2220,60301.81890847029
2221,311998.06225158274
2222,276724.3555123134
2223,290757.000307799
2224,202933.65259253548
2225,119980.57280638373
2226,180263.79143825776
2227,195058.73004797328
2228,272651.9646465353
2229,264322.420559285
2230,150042.29438421543
2231,216994.10762124363
2232,174219.72186733191
2233,184676.32464904085
2234,245804.06147383733
2235,212098.91660930132
2236,259342.45871421593
2237,312756.172735071
2238,201014.13006790297
2239,108913.33427983634
2240,153481.20649296805
2241,162179.34632503003
2242,120491.0453042586
2243,125297.08082166633
2244,105871.93054271727
2245,101493.70519801248
2246,143537.3210947189
2247,109075.19244641716
2248,122043.74813609723
2249,118893.54458515102
2250,128239.0261064722
2251,121179.61298382412
2252,176880.25525391244
2253,153380.50340433614
2254,177456.4052398186
2255,184435.86571971368
2256,174800.0866365919
2257,202730.62226751808
2258,156705.3738198648
2259,172369.07511056412
2260,155250.68765296563
2261,199492.31283625087
2262,219688.26954894056
2263,389810.482656917
2264,519139.23728882975
2265,164192.79308620532
2266,301933.08326158125
2267,382848.01714320004
2268,435697.4885927104
2269,147802.59408718607
2270,200649.21050112395
2271,209037.3746343468
2272,203922.49138387112
2273,160803.35498348557
2274,177989.7993818772
2275,166379.8523896967
2276,190947.796323527
2277,182770.19922170567
2278,143773.77018462698
2279,124335.78965922233
2280,118419.63576298754
2281,165259.06611659058
2282,181720.73776421553
2283,107525.21061324306
2284,110481.45268474004
2285,137910.60319550853
2286,121584.4180423721
2287,371337.8305774044
2288,283427.1156612256
2289,368386.15960645827
2290,454788.7719057325
2291,338943.01712367084
2292,427427.7830434195
2293,466090.4070354247
2294,397306.0956343926
2295,464454.0711044261
2296,288821.14570240077
2297,339421.58383311663
2298,335680.7250244929
2299,354815.70720293577
2300,338397.83379592025
2301,324957.2012636867
2302,247958.01668645415
2303,241812.13707961715
2304,253876.73232711555
2305,200901.88157866924
2306,194457.102160613
2307,198534.12796658752
2308,233959.6873134624
2309,275339.8617006453
2310,218318.01691721557
2311,195462.61315348715
2312,178222.33359949326
2313,171032.99040976542
2314,178338.57793228695
2315,177127.21568881828
2316,187362.24929977476
2317,186796.34351709712
2318,180133.80474892785
2319,173684.44186161296
2320,174913.349399323
2321,239510.52968803744
2322,178609.4955295426
2323,195967.670236488
2324,180931.75612567502
2325,212857.53067240433
2326,175002.31617193113
2327,196081.9939370029
2328,217612.49684275046
2329,188941.7247608355
2330,176502.9796958703
2331,357693.6110731026
2332,390553.252503633
2333,319886.3261569944
2334,252910.8474354933
2335,285872.93895013613
2336,310756.7186617315
2337,193309.4698829303
2338,271519.3009291461
2339,223523.62595490293
2340,392023.05815601104
2341,212456.49306623597
2342,232757.8086912166
2343,231700.87141592108
2344,211216.6983878753
2345,233314.74417580475
2346,213169.98997038548
2347,198321.87437804198
2348,242783.56284411022
2349,181441.32334908796
2350,310616.6757963487
2351,254922.608924586
2352,264598.8920351669
2353,246020.42460994457
2354,135272.10969697393
2355,138890.41951592764
2356,153716.29386064768
2357,188863.21802722337
2358,197556.9175593647
2359,129436.48618020865
2360,116893.92474455267
2361,145022.50154685133
2362,280006.5880427255
2363,132027.44542873226
2364,159686.71976346153
2365,216842.84792680354
2366,196196.88071139582
2367,220500.1532229556
2368,212375.47281657657
2369,209211.96111947452
2370,166448.68911969604
2371,165001.83085858892
2372,189934.08270345352
2373,282755.86609029333
2374,318130.10026176966
2375,248277.78670900487
2376,280754.5675280583
2377,347199.6576450585
2378,144344.64881831675
2379,194710.3326551628
2380,148729.79803918122
2381,164794.52818876124
2382,209507.084335961
2383,200045.76571914682
2384,245738.87170347743
2385,161882.3788260885
2386,133337.08888772514
2387,137594.96612818778
2388,103983.08136964422
2389,126688.1803095593
2390,150478.43387008307
2391,144973.63095762394
2392,117567.36244035728
2393,169847.43229301507
2394,138367.58044324414
2395,201883.21113583216
2396,141179.25920427323
2397,218116.2350739462
2398,128366.99152221152
2399,69751.52708958366
2400,66349.79816703896
2401,118048.88822288079
2402,135488.6219452898
2403,144252.83941110587
2404,152056.6894276512
2405,154695.87535103393
2406,140056.27131188603
2407,118876.87556463365
2408,146376.02479562498
2409,120916.51643296776
2410,163965.74601273405
2411,117440.44188844199
2412,154667.24544833775
2413,132301.00435850627
2414,147948.11611865502
2415,132577.034515883
2416,126045.25395084066
2417,133528.85284756045
2418,129849.64095758362
2419,124256.16580298253
2420,123928.92539378646
2421,148783.9245547401
2422,113109.20040742213
2423,112186.02097484437
2424,151204.93968436285
2425,203818.59415099016
2426,129293.00997588516
2427,137409.96655189854
2428,176993.64703192844
2429,113074.16422508414
2430,130777.39927104444
2431,104981.91011463251
2432,147147.33876436274
2433,145693.1211500683
2434,137956.47629003858
2435,147822.80397413613
2436,109071.05119402835
2437,107926.1060665382
2438,122738.2860977431
2439,104122.31699091893
2440,121339.95802361646
2441,85070.44298890702
2442,94998.38562296766
2443,127842.98812534336
2444,137513.17114029088
2445,87940.3751316745
2446,134018.62322743709
2447,182417.59592155975
2448,133140.9922145167
2449,112152.73643930006
2450,152110.2309264865
2451,124644.7660935834
2452,201620.2739643896
2453,93206.2375713195
2454,123841.61899787803
2455,118264.59868820665
2456,137867.71320411537
2457,136940.65876755555
2458,132868.5127928433
2459,110318.57750482051
2460,139484.4660758031
2461,126836.20671654158
2462,134961.73525654303
2463,126035.82757090428
2464,171867.4615280397
2465,142866.46716577257
2466,114522.52424053493
2467,125878.06190230118
2468,80935.33120405782
2469,80485.13877008465
2470,196969.36584833675
2471,205620.63051488338
2472,163988.09643192994
2473,110793.99613283882
2474,85529.38952361626
2475,220843.19299121902
2476,109711.40218683243
2477,129721.71779290203
2478,149170.05406389642
2479,105173.999287974
2480,153147.5966090324
2481,129014.10313559466
2482,122050.88562034641
2483,116453.6818628021
2484,125305.6787709516
2485,124748.21314626127
2486,153870.56608435835
2487,174415.70198135288
2488,160803.12954830826
2489,152386.66775950033
2490,144133.44921212664
2491,90048.71753357467
2492,200104.28612012215
2493,158768.66854037577
2494,148709.96820492824
2495,87195.80119671374
2496,243734.04926303902
2497,150349.48170072585
2498,111929.10257734096
2499,80909.36191783394
2500,124616.06758538981
2501,131416.98851835204
2502,143952.69859868844
2503,96229.08381833041
2504,175497.60117516614
2505,229372.24075073848
2506,255844.0782743339
2507,280901.91257836024
2508,256218.24050614113
2509,217624.31411325143
2510,218052.576756128
2511,174116.0324716125
2512,202466.8374990698
2513,222980.05678738732
2514,288671.0966250621
2515,152415.21598509297
2516,171184.16226594822
2517,145413.7995875406
2518,149317.11439077384
2519,233597.74740825486
2520,220093.42839257425
2521,187051.44607860988
2522,221450.61893249827
2523,121152.41669962772
2524,137124.53116846742
2525,140452.03306881626
2526,143787.4719918306
2527,121176.16645957982
2528,130883.96356282548
2529,137128.52698394522
2530,123238.74232429462
2531,251390.4002371223
2532,222551.62617769552
2533,191097.54311189547
2534,235061.10247130317
2535,299579.7790480119
2536,234680.5055397595
2537,246466.33446713918
2538,179169.14979643264
2539,187290.72538004964
2540,177162.29965206035
2541,178711.81619373395
2542,163798.5229157322
2543,119359.62440800905
2544,118930.59530814199
2545,134535.28948818592
2546,125070.6636960415
2547,135649.9808180593
2548,149537.15528436514
2549,157599.37985353268
2550,685909.0462067801
2551,140821.43591651323
2552,122830.03899391813
2553,74532.72011117797
2554,94322.04120723064
2555,111622.4544971755
2556,101446.7864865292
2557,103920.74911909329
2558,142734.69552335027
2559,140209.31745498322
2560,154889.226346647
2561,145188.58683938475
2562,141944.50605929233
2563,151303.06388592027
2564,199392.50797345611
2565,140320.4435003795
2566,164265.84641663832
2567,133500.75953759384
2568,208344.5224318455
2569,232242.76165787465
2570,114354.9555320089
2571,191326.72854205366
2572,149674.274919829
2573,236272.08770290774
2574,315523.3671334441
2575,134094.75554532468
2576,108738.05561724382
2577,152658.13111394347
2578,80757.97946892271
2579,66742.47266920247
2580,82336.85568311933
2581,95553.7979162793
2582,94700.04772509656
2583,296944.7001969406
2584,175450.95584086623
2585,189270.9702115399
2586,225115.71496980227
2587,192303.66948300775
2588,134773.00609770548
2589,144616.3456539995
2590,200470.97320521265
2591,211826.49168153288
2592,205847.04141125828
2593,256752.0225961541
2594,180814.68970816038
2595,197590.72111324727
2596,296000.00398447464
2597,182175.78354660864
2598,284289.7748195775
2599,324908.1943770723
2600,143815.31889609763
2601,138085.83098882632
2602,78712.97513463808
2603,95937.19390353865
2604,83244.79402781144
2605,75867.32979398203
2606,151250.328672725
2607,190470.26014154282
2608,193600.15478141437
2609,170791.903209277
2610,105749.18373616858
2611,125537.19307534894
2612,155944.7248258893
2613,132434.0826490236
2614,124037.30037686329
2615,148802.95468834837
2616,144722.94496894878
2617,172597.27647489108
2618,200025.69406831308
2619,198646.6363286854
2620,182213.4323782643
2621,177397.6042807919
2622,178139.7495344991
2623,247211.77366124457
2624,301945.8211728577
2625,299833.74573851324
2626,173346.9434706581
2627,164675.72590653933
2628,484703.60266491974
2629,522223.6317490909
2630,388051.8078117524
2631,466986.3298868035
2632,428872.7002819189
2633,315233.9672830905
2634,422834.1956458365
2635,149806.4803011627
2636,169023.82645997684
2637,170215.77732676553
2638,262346.61091647245
2639,189392.77932237514
2640,148731.43240098716
2641,102449.45416447286
2642,184385.2159320396
2643,101536.6849689504
2644,124381.93094227399
2645,108311.28249027068
2646,96161.20007542947
2647,101820.11801444579
2648,145130.18761018917
2649,151457.4795788076
2650,130210.55074132566
2651,140437.54482442047
2652,413359.8224147288
2653,257514.7962909788
2654,262535.7109811019
2655,398379.8279737257
2656,330707.13034802873
2657,346213.4550489562
2658,310352.2521435702
2659,301520.9174392998
2660,362349.9908201523
2661,350216.0425831133
2662,360880.8278523121
2663,292927.4140534628
2664,268568.52010304533
2665,321537.40253982873
2666,287826.18473646656
2667,169745.0551717117
2668,176303.59055333902
2669,182401.8249625549
2670,275896.8835702001
2671,181437.52978357964
2672,193255.14317552987
2673,199304.5720045684
2674,195794.3239352822
2675,171710.0086792339
2676,191840.59584277333
2677,194304.7496294603
2678,238197.06751415582
2679,280449.77023257775
2680,289143.9696054228
2681,388471.1768144804
2682,329646.4056782191
2683,519695.433414007
2684,322532.20298304415
2685,329688.0453870193
2686,259953.2409574473
2687,311267.8413597848
2688,216941.41793015687
2689,206889.06126346192
2690,408257.522100802
2691,191211.39825710843
2692,139432.76446055647
2693,200184.95212784805
2694,131476.75638877187
2695,191546.34191892002
2696,183035.58463784715
2697,182730.05541937955
2698,192872.26604557884
2699,172043.53287378658
2700,158314.0138504267
2701,146831.22112779264
2702,107259.62150364414
2703,116452.98125037378
2704,144865.31074753616
2705,117308.52248388353
2706,110551.43022665332
2707,121142.46886547245
2708,134012.18387585875
2709,103465.1567471446
2710,126476.60312419823
2711,298978.5656635479
2712,398029.80577766977
2713,174176.27588327168
2714,147840.32776088698
2715,170310.05548069946
2716,139244.35470015003
2717,193799.70193988757
2718,221524.1652278791
2719,150416.4899043506
2720,171852.7599270808
2721,131285.54851677347
2722,158278.3784072179
2723,141066.26086065476
2724,124684.11218775301
2725,129627.99681005775
2726,150678.31349990057
2727,182864.04720415515
2728,175551.230401198
2729,146883.98504121765
2730,144468.6657119689
2731,123111.7557737133
2732,133637.88338918457
2733,158333.44258495123
2734,147861.3301817737
2735,132783.87252879754
2736,143076.11625419813
2737,122779.97997213951
2738,134914.61811551265
2739,153956.93771547917
2740,133954.7149716157
2741,141156.56897655348
2742,152586.1155501499
2743,153969.39587625887
2744,164295.32253215942
2745,141323.9064551789
2746,139360.409174088
2747,140843.0982986175
2748,121259.17180447583
2749,129651.20731191033
2750,133481.2770866546
2751,136130.23893798393
2752,193392.60053718352
2753,148226.10541515055
2754,210700.30505974338
2755,129186.02954159764
2756,99703.30567990088
2757,71029.15173305974
2758,85282.44457851825
2759,165313.23113445204
2760,121983.66038107987
2761,141795.07470590845
2762,142409.87732666807
2763,176676.4491762562
2764,153636.3479323374
2765,282241.4539597682
2766,141546.3701032782
2767,86871.78527482504
2768,127855.84942629043
2769,129080.34047424
2770,132978.51983018118
2771,108321.00744166224
2772,108315.01108431988
2773,168818.92032860624
2774,143934.98185913308
2775,111833.77290265761
2776,144675.6234579649
2777,154372.65699341564
2778,100994.27880125704
2779,120515.38653374305
2780,93325.19158352123
2781,93329.90584913625
2782,98518.72236607729
2783,99893.4504901925
2784,119936.15698863594
2785,135904.6258124533
2786,62688.763645737905
2787,119360.68464404579
2788,72637.77426836197
2789,166428.30386545768
2790,94261.54151033446
2791,112525.24075723797
2792,56759.25955745768
2793,170921.16455214255
2794,94951.7716037078
2795,122120.67909837773
2796,97354.2219942151
2797,205195.63104244458
2798,103626.39387631026
2799,108516.24732736994
2800,71030.17788981815
2801,104942.46502988138
2802,129865.37883619132
2803,158314.64480378153
2804,128733.87258652857
2805,97388.28616536682
2806,82362.52236496139
2807,163774.71775942386
2808,150623.82341030912
2809,132385.52987064733
2810,128220.5557332087
2811,160555.98345149687
2812,156045.31810967132
2813,150719.46523997703
2814,153902.984261251
2815,91142.26432367366
2816,221862.67164046547
2817,152972.1760967108
2818,131900.21169700762
2819,169440.31782871904
2820,137482.28018188648
2821,104605.62983269518
2822,194955.98330898784
2823,320399.45831499377
2824,175617.6066040671
2825,150509.46869584156
2826,134319.86811752236
2827,133804.5932298845
2828,214259.3573601854
2829,211848.27917571634
2830,225912.19277687525
2831,179871.4837129896
2832,246402.09846218326
2833,288011.9772023251
2834,217757.92756919804
2835,223850.98015119755
2836,190436.8745546626
2837,157552.51258426902
2838,149967.8326507785
2839,175860.95417192383
2840,197462.12247676647
2841,202140.36621929356
2842,233907.39694997575
2843,143483.2487114581
2844,165082.66175232254
2845,121987.15889015832
2846,207076.5919653721
2847,204026.02373214977
2848,217850.35755959759
2849,194221.0665197676
2850,280468.65356771305
2851,209808.2816782525
2852,236479.05178260256
2853,239900.46592291052
2854,141076.7164987716
2855,198989.19609404876
2856,195352.07787936734
2857,185678.44368730902
2858,196889.7286097669
2859,119722.56331358309
2860,127425.01338568877
2861,124982.25054320521
2862,190786.68912202955
2863,129335.93374659272
2864,259460.908768192
2865,141652.83397650174
2866,141580.7878720692
2867,95622.26607369827
2868,98339.98967031979
2869,99055.72841439742
2870,127042.77272623547
2871,83412.87814045674
2872,53000.754976135104
2873,94614.38000678804
2874,136678.66982090863
2875,112162.83710955907
2876,154930.02503902948
2877,144114.06366101504
2878,169669.89622035355
2879,138431.9345854113
2880,99844.38292021994
2881,141668.56707977984
2882,180597.00132448477
2883,211644.41555629674
2884,203560.0805728387
2885,191735.82819667822
2886,243537.78805592985
2887,96212.060522659
2888,140594.03054035694
2889,58583.12840471517
2890,78118.41766761502
2891,140173.56535330747
2892,41784.9910131128
2893,65429.71323779129
2894,49741.08386582528
2895,336549.2450579332
2896,291293.59309291147
2897,202869.2161449717
2898,145892.11428341555
2899,205840.42719324597
2900,154368.10713452872
2901,201223.02611710815
2902,172938.4585823318
2903,329279.44892746274
2904,343975.966413049
2905,85460.47884653998
2906,195539.3805159754
2907,106236.18282607541
2908,129081.5575547828
2909,151755.6625809857
2910,77621.57128604258
2911,78665.22672348766
2912,146298.53028586408
2913,77331.78383342813
2914,74154.13476758005
2915,79784.53488296643
2916,78749.456366061
2917,167726.01020456184
2918,117658.80174679167
2919,219457.20402182557
