Id,SalePrice
1461,121495.05391309354
1462,153944.15398056555
1463,181292.49910474865
1464,193444.43335440528
1465,199096.95270374403
1466,173760.3137616563
1467,175708.6643666103
1468,159828.5567960714
1469,188111.0326424675
1470,119993.46725014596
1471,185931.325029341
1472,97995.95135452012
1473,97177.02165266415
1474,139442.04542192945
1475,111262.19675917202
1476,347824.632604557
1477,264319.7086312948
1478,299161.9086214615
1479,295765.25071399537
1480,476135.456322238
1481,321979.95913441584
1482,217433.8079759384
1483,181141.19453561123
1484,166916.94201313425
1485,190480.7823605328
1486,192921.84929965323
1487,307445.0999526199
1488,219631.55527483425
1489,200276.3659297759
1490,225718.47689883676
1491,200999.72143072446
1492,91451.04045113182
1493,188439.55884268117
1494,296062.19384721096
1495,285902.15823060897
1496,236257.00940754646
1497,174259.0242414837
1498,183707.09604453083
1499,163173.29069155702
1500,155800.11325569203
1501,178127.2946288924
1502,140521.37688880163
1503,281789.6853589193
1504,244403.11725402402
1505,226804.68559162455
1506,183904.73834472705
1507,246063.86961852395
1508,208791.290631726
1509,158779.1114139714
1510,146228.25252258038
1511,162898.66051020837
1512,168227.4337643636
1513,142245.95244807255
1514,160582.9330483782
1515,182839.4776574186
1516,156550.2163331436
1517,166631.60672249994
1518,125390.06052993715
1519,210345.9420190694
1520,127049.81279544627
1521,129822.25875533531
1522,167612.48302763587
1523,110931.50198663826
1524,123002.09185880447
1525,122738.17122493233
1526,114183.13993903634
1527,107950.70072383444
1528,126680.42996640918
1529,148094.3575602087
1530,175271.3944266603
1531,107364.24124591549
1532,90979.53449475687
1533,147683.69869714946
1534,122623.44251421871
1535,145151.6554593351
1536,101248.52032777673
1537,62046.50189058647
1538,147896.3074987416
1539,210481.4258550602
1540,101922.590973405
1541,140443.0741574867
1542,145618.5474691856
1543,190376.65494094073
1544,87520.45374951059
1545,121554.10366418044
1546,148999.54204771528
1547,136294.15066662425
1548,140447.36740682359
1549,130572.96198497136
1550,148207.91168763902
1551,98221.42576358322
1552,143567.26414080962
1553,144871.21449582715
1554,113999.58793247247
1555,171937.48638210294
1556,82748.44426958817
1557,101721.89432281101
1558,98204.92029450236
1559,59429.84754973371
1560,138929.36389951227
1561,127872.47759494105
1562,134885.02235710554
1563,119658.54469845565
1564,153829.03073932554
1565,149988.95724807048
1566,247409.07015439426
1567,71049.21593187306
1568,245779.74855581738
1569,133343.64802225865
1570,144282.64934313064
1571,125892.64292482547
1572,141509.74812944522
1573,231518.73217613407
1574,122037.99486630957
1575,219578.89125690993
1576,261298.44953239124
1577,186625.60087291725
1578,148151.54675614828
1579,147491.41000273233
1580,195146.8476182732
1581,159876.3263279439
1582,127773.11593354006
1583,295255.135621261
1584,215686.6536746664
1585,138161.7103521938
1586,70061.69440672621
1587,112172.66691670178
1588,152071.57328181426
1589,91233.52767323754
1590,129643.02029412636
1591,90884.34914998592
1592,108391.60721463416
1593,121356.90443865572
1594,130004.11850219313
1595,116228.40041022486
1596,223157.21884564427
1597,201604.231784714
1598,227483.06694404085
1599,176355.4241421874
1600,169086.86292993475
1601,64474.11186243222
1602,112185.51112384035
1603,64983.14449674362
1604,262837.343891692
1605,240494.5262082768
1606,164377.91468047243
1607,177441.01409771445
1608,220777.80070964125
1609,179624.9004924289
1610,147081.98393132357
1611,143925.50350569424
1612,170931.53441179392
1613,161571.41922270617
1614,117174.42019923982
1615,87816.56662973195
1616,70633.27979725326
1617,88522.25401222268
1618,132517.0796112934
1619,144180.03758144338
1620,160403.4535925419
1621,137152.58512623666
1622,143968.05556981152
1623,258809.21559900703
1624,213560.2510246986
1625,117662.6856040094
1626,170354.6652199463
1627,185671.8949729277
1628,280528.05042238627
1629,179681.35539047126
1630,348688.7900115893
1631,244319.73686063115
1632,258780.08724969826
1633,172704.83691241223
1634,182873.0568962042
1635,176792.42292111804
1636,152059.05990910638
1637,194756.95029070976
1638,184233.209358343
1639,184111.94877764894
1640,244410.94363425171
1641,175799.24519347845
1642,246142.40798459828
1643,222739.07477919172
1644,236753.4057720905
1645,196640.80359376743
1646,160401.89079266615
1647,152445.65714953982
1648,127509.95473047216
1649,142477.45500043372
1650,108122.32077145643
1651,117999.87779161174
1652,100509.12317283626
1653,102476.83454880801
1654,141851.1668239172
1655,134654.06434840837
1656,140315.21711179806
1657,149276.56836086398
1658,144666.7559019181
1659,120545.76673063746
1660,158375.03969164848
1661,458458.5521280773
1662,394913.7950709212
1663,385939.1322056053
1664,486932.8002420219
1665,300566.0765023486
1666,324792.1524822795
1667,368187.44626956596
1668,350636.3549090648
1669,318861.5511927967
1670,354004.1283832283
1671,269248.13371067605
1672,413007.0980218809
1673,309171.1754651066
1674,240812.51964556947
1675,207905.1808196971
1676,209815.94004057787
1677,228926.18792001894
1678,458376.52551342297
1679,381227.25827260036
1680,315555.2758577768
1681,246698.07332932993
1682,330613.12594878627
1683,178435.19694087043
1684,173520.70998824053
1685,177536.38499124558
1686,169473.87051252773
1687,168422.50676357746
1688,187746.35322914933
1689,193718.16297442888
1690,199256.67003295326
1691,186587.13827164593
1692,261608.5004792267
1693,168827.99665493993
1694,178237.31948314252
1695,164572.79172682867
1696,273571.9001554328
1697,166066.26368644982
1698,361091.17261685664
1699,322454.14185462793
1700,255196.53795962056
1701,282359.1631204073
1702,249731.27543186184
1703,247396.2394886916
1704,281483.83233760414
1705,240530.0171570718
1706,411001.95126587537
1707,210798.39043465623
1708,204890.54563735632
1709,285926.4450533519
1710,228961.4929609806
1711,291916.28298702685
1712,264264.95555522654
1713,271570.37932603096
1714,224261.79618388336
1715,214841.22342369164
1716,180817.5677350727
1717,175205.46523916247
1718,133564.63194130504
1719,214072.0451302334
1720,240573.9544444067
1721,154736.50368416475
1722,120031.71989839985
1723,152904.16426815427
1724,211496.33337809207
1725,245823.3512804962
1726,183845.0682161416
1727,156564.6716417651
1728,169665.96146188714
1729,171027.72656255955
1730,155719.71819319387
1731,122646.26165169718
1732,129220.2758638759
1733,112902.24007568513
1734,126467.8639470594
1735,123655.58835214688
1736,111569.78190267358
1737,317678.59460313607
1738,255296.05545186647
1739,223689.65975261948
1740,215639.7734772164
1741,198822.57818948492
1742,173683.54854504263
1743,177531.82826779553
1744,319705.2456565931
1745,224129.39837741764
1746,185329.316007967
1747,220385.85445808302
1748,214887.09430799398
1749,145835.6621737056
1750,121358.55747887316
1751,240271.9504509537
1752,116397.68396236413
1753,146692.5399088854
1754,179991.20865911795
1755,167497.0762743697
1756,122157.40955268283
1757,122454.88170615108
1758,147142.33297054216
1759,165809.58932939498
1760,161915.89075854197
1761,142037.69801490102
1762,185287.28487469966
1763,178757.72121405025
1764,120496.02747415265
1765,177213.6121549728
1766,175167.72358009583
1767,214686.0057410093
1768,138829.64864663203
1769,163517.9603550529
1770,158793.5788378816
1771,126510.02650495584
1772,133300.6851732239
1773,122536.58609210666
1774,138327.90267170692
1775,143496.29067726145
1776,132393.38240633905
1777,106197.3694216431
1778,141716.08105354922
1779,131384.2708510235
1780,167687.30843879195
1781,124463.10996362148
1782,90395.36587000536
1783,147176.6520543171
1784,106189.30487046583
1785,116152.56299808189
1786,143292.680252668
1787,163868.581678783
1788,62740.77489036787
1789,97228.07666452545
1790,82200.99928299706
1791,175552.41422279266
1792,146372.71486861483
1793,128303.01188227137
1794,157606.1498986644
1795,134319.11523947926
1796,126788.19459414056
1797,103080.26534292243
1798,125865.13296384191
1799,113725.22785021643
1800,137962.8255034342
1801,127557.50050974578
1802,136764.67115391506
1803,144247.92930949418
1804,142428.7936001413
1805,134879.71334192372
1806,122096.23196953033
1807,137737.35751901267
1808,129152.0750273013
1809,131938.63688946143
1810,137539.9927197237
1811,87896.83154620974
1812,96171.31736954172
1813,126849.63559875886
1814,96173.45651936166
1815,55078.8039029668
1816,100777.1772176911
1817,111064.04995601121
1818,151823.72314717722
1819,128730.51053815245
1820,47953.47215245438
1821,112580.1460751089
1822,155644.58617181223
1823,41426.13222342143
1824,127455.34894736754
1825,146251.19846043485
1826,114143.8194207608
1827,101804.8262474759
1828,141891.78569344556
1829,121131.96804414767
1830,145956.09063439735
1831,140194.97891488308
1832,75622.57478406322
1833,141528.0038805326
1834,121139.0741832112
1835,118423.69814478175
1836,118790.86482781998
1837,86349.7979116951
1838,130395.15326840554
1839,97335.78270282784
1840,151373.06335256205
1841,136605.1897509753
1842,89564.82625679353
1843,131600.94552779078
1844,145051.26315879234
1845,152049.35158719987
1846,155452.84316866467
1847,179373.26887687595
1848,52898.15899479188
1849,99101.43646212766
1850,121774.22013174061
1851,158452.79354204872
1852,124435.53119333193
1853,128682.19625394857
1854,165090.93419697887
1855,154192.99870723035
1856,223610.94687829952
1857,130025.48819762244
1858,132573.66756623692
1859,117828.88942464563
1860,147397.39373402428
1861,117751.68407600293
1862,319599.9710632482
1863,291588.0442728553
1864,287691.6101677578
1865,347249.0686819288
1866,325689.73381915974
1867,223739.1424538591
1868,299112.7460640537
1869,201466.16656264287
1870,242400.96892718348
1871,251872.0962682782
1872,180133.6327698187
1873,250042.03676506522
1874,146698.08459139618
1875,197044.09565108633
1876,197308.6697005192
1877,205863.37321983988
1878,191797.28710461786
1879,132190.52602436053
1880,131049.28273306623
1881,250784.3163663686
1882,241903.1536254014
1883,184645.08301935208
1884,198605.85200786652
1885,223194.89754473712
1886,281531.550482073
1887,205476.95218950772
1888,269951.90560428123
1889,171903.59765959837
1890,126057.5741407173
1891,126297.29408120482
1892,99234.92433242488
1893,130594.16743757033
1894,120034.50707230098
1895,137056.75986046038
1896,124740.51579128612
1897,112971.80656123623
1898,115451.67330628612
1899,159602.55166684254
1900,146906.2703804641
1901,170573.07040852722
1902,148275.33664468233
1903,219255.8646656124
1904,145389.7294682447
1905,194872.17262588788
1906,159593.6273376888
1907,219213.3433441715
1908,105981.55622218318
1909,134103.88551421824
1910,120123.20842638536
1911,235489.19321230426
1912,343375.1918978514
1913,147693.61165938247
1914,50003.772692224404
1915,312267.05403154355
1916,76252.43786073627
1917,249259.75719413045
1918,140245.02624645765
1919,171124.76940903952
1920,156035.75499483684
1921,372256.84387911274
1922,323197.022493678
1923,236580.93165049562
1924,235952.719290371
1925,195297.68742249985
1926,373364.12598441745
1927,134301.64740904488
1928,157118.7534427848
1929,125937.91855403614
1930,138329.262023503
1931,138293.31916969526
1932,137472.09010728222
1933,181211.67298227822
1934,177119.9761335135
1935,171618.97826720675
1936,190276.82992229564
1937,184264.52583298038
1938,174727.51994313905
1939,252301.4149380915
1940,191458.34257046992
1941,165096.95250109263
1942,175607.22795281085
1943,226320.32047792088
1944,391457.3554200073
1945,406904.5468747822
1946,132676.81801695962
1947,328772.0810951438
1948,169278.36480667966
1949,228407.1389897919
1950,181683.4231781285
1951,242565.79100515926
1952,208692.46527855878
1953,170714.79233195967
1954,183942.72290481662
1955,134349.2721821866
1956,303679.5889613084
1957,146581.3019193456
1958,266358.5825989677
1959,142464.6205876646
1960,113314.12513065244
1961,123088.6235279987
1962,99314.10802825374
1963,104448.65338121583
1964,107169.13807208292
1965,138583.2508925877
1966,138651.0487427904
1967,318003.88431262446
1968,415646.077044634
1969,379295.618670958
1970,416805.8861741338
1971,461310.16349190427
1972,375008.8024138776
1973,296270.1880220521
1974,323416.911100188
1975,538615.4510347126
1976,279893.74342072674
1977,357341.00187455094
1978,334918.69920264854
1979,327972.1839029607
1980,216351.81708172665
1981,333572.9955976476
1982,226429.64415197386
1983,212177.89675663057
1984,169048.18642226895
1985,222438.24840024445
1986,217320.62252689255
1987,182778.9753457851
1988,176244.9204715579
1989,188653.60257013663
1990,208727.82345809834
1991,239438.68265745256
1992,212129.0935856593
1993,165732.45110098916
1994,213795.86707582008
1995,183383.4058605181
1996,258322.89986433348
1997,296354.39778365183
1998,320889.27391325973
1999,290743.22917826776
2000,333665.1997123298
2001,290586.62371402676
2002,239496.47253207208
2003,253072.7215846973
2004,303933.3748438643
2005,211999.9655395716
2006,224422.880179138
2007,264229.71317135455
2008,232876.48485702192
2009,202271.60729677844
2010,195638.82135010872
2011,138035.82981901517
2012,176063.87255100172
2013,183980.60954604574
2014,186820.2360829414
2015,216801.19199066385
2016,196970.61154281424
2017,200727.066026549
2018,116237.62776055839
2019,133767.88592632322
2020,94463.2393911193
2021,103404.83137200578
2022,195336.02691909077
2023,139901.87906489422
2024,280716.54514628835
2025,368953.9319316175
2026,177580.52863614372
2027,162575.22631098525
2028,147963.89893168377
2029,163784.6815146704
2030,266642.8858110121
2031,228893.47330871833
2032,240205.551596778
2033,249872.568192046
2034,161704.13729469347
2035,221505.97384742284
2036,191733.59748735465
2037,213904.93937950165
2038,295631.1008332044
2039,238942.81430654388
2040,318769.5055587122
2041,300166.4432685858
2042,208323.84474443865
2043,168635.4327009695
2044,150487.38857390845
2045,211826.3638259619
2046,152654.20576869015
2047,139412.39008281662
2048,140346.34261338075
2049,133099.83882103834
2050,168014.5720643393
2051,99929.95442087945
2052,119483.81772253444
2053,148880.3098268457
2054,95439.50250435612
2055,161851.93914689103
2056,156442.19582263005
2057,109882.11093627206
2058,217173.94948699608
2059,129860.90874096226
2060,167755.3208690417
2061,164575.2387457566
2062,130375.88084824177
2063,130986.24234417434
2064,138925.85082596945
2065,118182.29863903903
2066,170650.10926035143
2067,109696.1754383437
2068,138774.3864039225
2069,83176.67920997122
2070,113612.87320709853
2071,91398.07722614238
2072,131842.7783918818
2073,132968.22673903604
2074,179592.61190493443
2075,149772.51683417184
2076,114112.40702075315
2077,160104.49359361074
2078,127927.79933607846
2079,127643.50061996731
2080,119106.39280085015
2081,122447.08572840631
2082,114141.66331369417
2083,149880.10590231098
2084,112070.61312172558
2085,116626.64970686295
2086,116305.51798371605
2087,113731.95368376502
2088,93394.13994770899
2089,73981.57697182588
2090,120860.18963515747
2091,121209.17084392838
2092,123124.97006156214
2093,114409.00669622984
2094,109926.58108568584
2095,148074.6140596402
2096,87260.04689927763
2097,97302.6638731547
2098,154766.30116753338
2099,57689.41649644875
2100,77943.77820334795
2101,110891.42398355422
2102,125137.19302342228
2103,107870.73182109802
2104,141993.3237896292
2105,132168.58243314305
2106,69201.3362895748
2107,189518.31519927367
2108,119787.54281569946
2109,111775.36860502014
2110,122336.57063973251
2111,143257.49334057252
2112,145323.67175376337
2113,120975.06500144779
2114,124328.50832243927
2115,165833.38154028766
2116,116559.34734632284
2117,154042.59994740423
2118,130101.8686714993
2119,115932.5559261591
2120,120092.30118973041
2121,96873.84021348113
2122,127117.43018864874
2123,80478.59194109401
2124,157790.9120011625
2125,120364.18610155444
2126,157708.56136318253
2127,162218.3962429448
2128,126740.53056482435
2129,89891.47915537229
2130,140597.48385924543
2131,148848.59297499713
2132,114670.80172300152
2133,117673.73146405959
2134,127020.98666937079
2135,94667.89876460616
2136,81642.96802243758
2137,104517.33582454691
2138,131718.0047914834
2139,148937.81259045124
2140,145791.69756634577
2141,163929.11863614756
2142,133542.87203757794
2143,143334.87308604206
2144,113984.52892751318
2145,141879.46512005446
2146,177350.99204185215
2147,131238.94866511677
2148,141601.92567806615
2149,158901.47943180864
2150,245814.80123947267
2151,117239.61355593787
2152,161384.69267861647
2153,156455.09538743267
2154,99280.40139564413
2155,141573.0093965193
2156,254134.35095229282
2157,223164.90421408057
2158,244303.72794417065
2159,220917.03685211416
2160,180170.0854367718
2161,241662.08076263563
2162,371111.3238019057
2163,365929.5082344062
2164,257227.38673457736
2165,216190.5035377841
2166,154778.44430011723
2167,215642.2262356096
2168,205109.75710895317
2169,197654.28960907002
2170,218181.7063517256
2171,156109.11633776614
2172,130271.79717882974
2173,164298.38467307706
2174,215188.76493534874
2175,279950.85721113684
2176,309189.1449474577
2177,229160.71544425993
2178,214941.13811304257
2179,135872.71289005104
2180,209684.82141246824
2181,188017.28738937434
2182,231381.9134588181
2183,191158.92929592836
2184,115204.84937876002
2185,125961.28120737676
2186,135227.52074526215
2187,154287.16994088262
2188,156754.79660914894
2189,265721.070346362
2190,82819.09145948949
2191,81522.77866016157
2192,85564.54580630711
2193,109814.15463935926
2194,101752.24119779366
2195,113556.11394777549
2196,100233.05599941571
2197,109546.44446705826
2198,151627.7118952487
2199,182582.6601086393
2200,148487.99048475825
2201,149803.3457060148
2202,224810.39838202696
2203,143084.36348801508
2204,176143.6132383446
2205,114454.67635753709
2206,134926.74561390252
2207,238645.20803575564
2208,287710.0232061269
2209,249206.07650107218
2210,117852.410524344
2211,114244.95538322965
2212,113096.79896805262
2213,107080.67368991724
2214,125772.81322607739
2215,102579.62881827509
2216,151211.0467869919
2217,65385.83927471074
2218,64054.56449265799
2219,54996.898901232504
2220,60403.50379489667
2221,313155.8135684654
2222,274141.9770819697
2223,284700.5954587173
2224,209516.0067113682
2225,119071.40169254404
2226,178356.92119472264
2227,191900.24997644525
2228,278694.4361589226
2229,255908.2994593017
2230,150065.7736967918
2231,222333.05641356247
2232,169322.56335209456
2233,189131.3851131458
2234,238369.96079652198
2235,207532.70172120197
2236,250729.3165397686
2237,300447.28520626377
2238,197835.4520252704
2239,106681.32865389998
2240,150356.2946456117
2241,157494.6005919188
2242,119179.09818909966
2243,124125.4558824675
2244,109078.99595190241
2245,100344.76887114035
2246,148310.51196280177
2247,108723.96390919802
2248,121044.95926326921
2249,116198.66462986934
2250,130065.2914974154
2251,114825.95608857286
2252,179885.71354839316
2253,153601.1595454931
2254,189232.87955068052
2255,181703.98325885806
2256,180131.0442980032
2257,198808.72858447352
2258,159968.623760853
2259,173690.23168273736
2260,161456.67444556355
2261,208498.69177926978
2262,224366.56375764048
2263,411069.9263348786
2264,527385.6714231186
2265,151637.3813940353
2266,312859.0038953125
2267,375366.38443926413
2268,452864.16547309223
2269,151151.75199797662
2270,203073.9843744447
2271,205995.01098501464
2272,199204.28043064105
2273,162458.20533640977
2274,179241.05125244948
2275,167659.2518283117
2276,190644.1322521493
2277,176693.96516013704
2278,143304.8780315807
2279,123457.02523835379
2280,115510.11682751434
2281,167763.750253849
2282,184361.28913662717
2283,109076.12270004362
2284,110522.90774196628
2285,143355.09640070633
2286,122883.60289858209
2287,373866.37311397673
2288,296012.3210853349
2289,373208.6473013007
2290,444867.0665171762
2291,351970.7637767202
2292,423918.696489977
2293,475653.13079268526
2294,392660.10151956516
2295,483382.8490951728
2296,271550.3489435005
2297,363375.4803248305
2298,336952.7754683046
2299,347120.70415333443
2300,342261.53318282927
2301,338626.27593955625
2302,251981.74114779278
2303,249799.89842826128
2304,240610.09671478794
2305,209328.05370607012
2306,201743.26488020885
2307,205009.05230448465
2308,243308.66229952514
2309,279253.2877950405
2310,220293.32833159095
2311,200602.27322821846
2312,177404.3128088487
2313,172622.1044348714
2314,179725.02133443466
2315,182529.47843779865
2316,198166.7778718537
2317,194994.74676403427
2318,188221.53411980552
2319,178546.5757183629
2320,175683.72725513868
2321,245677.02669908048
2322,180814.404223907
2323,200937.96558311483
2324,182483.96988754405
2325,209548.66623885793
2326,176569.5972710826
2327,196873.0023670555
2328,216198.03896140188
2329,188721.5120543525
2330,175377.37249753563
2331,350682.75860182627
2332,409104.91341734765
2333,327343.27446513076
2334,262265.1498963209
2335,284526.55850804714
2336,309699.6359213049
2337,188002.41204441155
2338,270669.228478962
2339,211437.90600036804
2340,382061.1311257311
2341,201160.45505980693
2342,235350.972505297
2343,227508.80706141668
2344,205201.18454462785
2345,218966.69630741383
2346,217722.1933609276
2347,200243.9465091444
2348,255540.27042437115
2349,189060.0912242465
2350,322789.3641520423
2351,259642.51667821006
2352,267206.85445058503
2353,246031.51965910438
2354,137743.45736498028
2355,143409.341597422
2356,146102.4512488257
2357,184658.99630700552
2358,199009.80574360111
2359,130357.37730552438
2360,118605.65414316618
2361,146473.29055836506
2362,270157.9252206227
2363,131448.23721066664
2364,155633.99742811712
2365,217959.3696018161
2366,206768.43108719864
2367,229807.94544525098
2368,207974.6640881467
2369,210549.4032147035
2370,163076.1591321585
2371,163012.90366547444
2372,193255.42375449676
2373,281392.274193321
2374,313989.147996224
2375,235787.49579244803
2376,288290.2928249361
2377,342543.390759822
2378,155452.47984379382
2379,193589.14261881393
2380,149733.4526572701
2381,159635.60466457685
2382,201280.9520127579
2383,198307.13207466272
2384,241385.6992872934
2385,163616.76558240884
2386,133597.96659193787
2387,141041.03514515603
2388,103612.3193642128
2389,127141.56742066072
2390,160312.0283137355
2391,143105.61365198414
2392,118735.5768077402
2393,174006.49249153165
2394,138074.05531040198
2395,207590.7307327416
2396,143363.80039914188
2397,218567.42310552488
2398,130450.83813713603
2399,69652.71007215003
2400,68953.69380570036
2401,121082.39799497595
2402,136978.45672708697
2403,141737.24881274294
2404,157934.44380466559
2405,151490.0115868243
2406,138063.96260053408
2407,113473.25455501702
2408,147598.27930154136
2409,112597.78909617625
2410,163358.2598774418
2411,119068.19524997767
2412,154872.6796127112
2413,133006.35131534687
2414,156131.97867216016
2415,128436.9221439596
2416,125318.13542014692
2417,131856.09028102152
2418,132799.3891394061
2419,122847.0165071992
2420,125751.28896982498
2421,141578.80136633042
2422,111532.13539722856
2423,116714.66603539561
2424,165429.6339368209
2425,195149.93259685277
2426,125261.6774680602
2427,143272.2524465729
2428,175886.8785497516
2429,113421.43241004038
2430,128580.34628463529
2431,103796.5621921182
2432,154371.8392331489
2433,145627.7319944858
2434,139554.5198213297
2435,152276.43208146366
2436,107975.15151263183
2437,107469.31459816245
2438,120242.64546642758
2439,101902.18454624782
2440,123297.74520569133
2441,86197.16383013442
2442,92827.25398124155
2443,128427.32015409335
2444,144997.4563504514
2445,87219.61267340089
2446,132533.51428659188
2447,182530.19308033376
2448,130453.36012710306
2449,113914.99258881215
2450,155997.4065880408
2451,118491.3859060658
2452,197374.90256249128
2453,94197.2820937726
2454,119370.92005372948
2455,109305.13909561839
2456,143007.6826666168
2457,149519.34162664172
2458,141690.2572542112
2459,114427.19160100543
2460,145658.4656157771
2461,132566.2008008682
2462,130818.83629821395
2463,130093.53198035482
2464,176249.43391054022
2465,151275.16620498963
2466,108543.10707346164
2467,132261.52450176913
2468,88905.28559535334
2469,81920.16982106272
2470,200456.51772576646
2471,202137.91618544172
2472,167089.22377923198
2473,105290.7160849967
2474,80516.62338999247
2475,215454.8434516024
2476,112036.43425483367
2477,128038.81640172044
2478,145544.63719461847
2479,105243.72794660278
2480,158741.31340704602
2481,126980.41538412258
2482,115392.27254660464
2483,114249.8185646972
2484,126757.97561232226
2485,130534.74607415602
2486,156656.66718077063
2487,171967.40504457196
2488,166775.21080257738
2489,150707.18853093218
2490,145472.33398733157
2491,89267.47629787773
2492,194031.465965418
2493,172168.6316783473
2494,149033.9842467902
2495,85199.08671382659
2496,254885.82812330825
2497,152399.8389431218
2498,112124.19128674659
2499,80826.84373298545
2500,118759.6101071788
2501,129786.90782787275
2502,135656.03403183012
2503,89572.2571344554
2504,165132.22832605094
2505,239020.2500482752
2506,258646.3121794801
2507,281326.47541699756
2508,258054.35091756438
2509,216389.61060544936
2510,214226.6214495316
2511,172325.49213921477
2512,208758.2402870725
2513,211552.4417616038
2514,263955.97917397146
2515,154498.0257884768
2516,179601.16129500864
2517,147441.62971382277
2518,152070.10718096854
2519,236611.03397553536
2520,222859.80779720607
2521,188186.91089832442
2522,221930.2893843542
2523,118084.27102635385
2524,136446.46311705207
2525,145248.3680554529
2526,146941.55217698522
2527,126945.72559275244
2528,133181.89280722986
2529,138643.3603762064
2530,129053.02046429852
2531,245312.64344010377
2532,223565.7941382672
2533,192725.77772448372
2534,235934.44126008364
2535,281635.8061095363
2536,229856.9612885853
2537,245343.13559214157
2538,181404.11201592797
2539,187332.88545401124
2540,177463.3307695246
2541,182873.03692909545
2542,167020.7054016981
2543,117017.64352779488
2544,118129.03499231536
2545,138112.93974510947
2546,121010.39878871005
2547,135723.55423678493
2548,155251.9255533783
2549,156876.72404786578
2550,711121.4335455778
2551,140784.03855404517
2552,123523.26660398538
2553,75929.73559807485
2554,89760.26582338214
2555,108637.77311262873
2556,100367.0655435525
2557,100682.14826761524
2558,163602.24184440248
2559,141532.7789459925
2560,160342.34438947073
2561,147928.5752087882
2562,143438.360091829
2563,148785.3968856293
2564,187662.76324207438
2565,134759.66675598334
2566,160953.7537368447
2567,136121.72608258293
2568,204027.57437184572
2569,253051.720393233
2570,117184.99021320719
2571,187030.57756495595
2572,153894.60894882368
2573,237649.1635104494
2574,349895.8405478623
2575,137236.5276419858
2576,115652.94289506011
2577,151528.50223914752
2578,78170.32254850902
2579,67302.84769468068
2580,78899.88627629868
2581,83175.15259806674
2582,86328.8339807285
2583,291925.6439626562
2584,179868.68700881477
2585,190196.54259285872
2586,210605.28678503778
2587,191439.89473225232
2588,139059.1236382819
2589,146306.69441000532
2590,194993.00921966694
2591,219482.86438426207
2592,201309.59840098297
2593,244087.91621852343
2594,187677.0512063129
2595,193179.4786266754
2596,288816.2029646712
2597,177596.77771911593
2598,276362.69705950934
2599,312581.70892419404
2600,141002.39224148227
2601,134012.85196441985
2602,79193.61652089449
2603,94546.1886525578
2604,82126.89508483988
2605,76269.94947362984
2606,149958.80307182297
2607,197344.01837589726
2608,191230.31247466174
2609,166588.13773362414
2610,106289.59149684808
2611,122983.55479725427
2612,155195.35661940422
2613,132611.79710537184
2614,126167.97113260994
2615,151283.3595250838
2616,144153.0134925586
2617,170122.9117373731
2618,206508.95056886825
2619,194448.96300723846
2620,180855.63983174902
2621,177091.8570971907
2622,178407.9888187133
2623,240990.15360215833
2624,286780.94877138454
2625,284346.06523171737
2626,170352.81643917933
2627,166539.1834273594
2628,525301.287738324
2629,540427.8632614963
2630,421032.6919034849
2631,464985.4068714357
2632,450038.18437046936
2633,325335.6614093473
2634,426912.95464431983
2635,146406.05406881924
2636,168954.46341216436
2637,168307.1135121931
2638,265787.527023128
2639,191992.989404025
2640,146307.05623546007
2641,102224.98709242434
2642,185404.3479743839
2643,103298.33665067406
2644,123261.7920817907
2645,111789.803549119
2646,96363.65349959933
2647,102918.03262722727
2648,146400.7593721255
2649,156379.33088089622
2650,136497.45704265535
2651,141526.858180614
2652,405073.7563556053
2653,261316.9224866302
2654,270889.89234355313
2655,391108.28312285134
2656,343042.91836263146
2657,332490.6271675011
2658,308722.4218996949
2659,314801.93050598033
2660,365232.07062194246
2661,362025.9688772795
2662,380599.2790370197
2663,288764.65245968493
2664,273408.9631596734
2665,330454.5374471281
2666,290848.72619498835
2667,173314.17149233774
2668,180006.39442310735
2669,182923.66639743125
2670,280318.1008337328
2671,187724.76763083943
2672,197199.5317306062
2673,199708.09436467537
2674,196147.77837476743
2675,173457.76703324952
2676,194754.35309498245
2677,192640.82479784283
2678,228367.338233313
2679,289042.0559986896
2680,295521.82898054377
2681,398933.68340500526
2682,331919.8307697894
2683,505322.4307944914
2684,334412.72164424596
2685,327706.28806830413
2686,245605.26270371382
2687,298057.9261827934
2688,216155.32541041725
2689,212593.91104508453
2690,384677.63274123444
2691,195579.90091404805
2692,140145.76165614778
2693,202210.8211252202
2694,131029.12811232208
2695,193457.74175507794
2696,185419.17608115711
2697,182215.17994922298
2698,183934.54425869256
2699,175632.29339848942
2700,161024.51888356757
2701,148451.3662362951
2702,106837.21998572016
2703,116073.43802493515
2704,145710.22952722828
2705,114158.94881019127
2706,108282.27500456358
2707,119310.13656998375
2708,134618.89136895444
2709,100452.33664298596
2710,123597.44481109458
2711,292544.08107567375
2712,401614.65679281513
2713,171887.4000198888
2714,149970.5239539247
2715,168104.00565665026
2716,140839.32310658714
2717,192378.05141147636
2718,219856.27231900807
2719,156532.9776931522
2720,165667.04083247288
2721,132689.16536024353
2722,154227.77217239395
2723,140052.69242199228
2724,124822.30661645555
2725,131519.4421687797
2726,153183.24195259728
2727,184934.50576994388
2728,180798.03643034332
2729,144924.37379908393
2730,146013.26139295075
2731,127205.45414427583
2732,140879.23279611007
2733,157437.34571792674
2734,146697.54099468092
2735,135099.31838425164
2736,144045.47302049506
2737,125799.34821109172
2738,131907.47566562972
2739,154177.67737438573
2740,136835.38981930388
2741,145185.7909042922
2742,155345.43160997992
2743,147935.81871989276
2744,156069.0527025309
2745,141481.1191685647
2746,143520.33943985638
2747,155136.40835366555
2748,126170.5864115913
2749,125635.79024577532
2750,132833.06380079986
2751,136164.77179566235
2752,206877.89113675564
2753,150891.17266874263
2754,214443.27409653744
2755,132503.849683425
2756,96337.7615943946
2757,66154.78086073216
2758,90227.09304764852
2759,172559.56481650326
2760,117896.20661817631
2761,142472.2589068553
2762,141572.4641059421
2763,172520.7895702106
2764,151865.52210420585
2765,276056.8665014195
2766,139788.91011652778
2767,89877.03583540469
2768,131359.0870942077
2769,127355.23879558459
2770,133795.6189722909
2771,106135.0314559794
2772,108775.75714065241
2773,178868.73694757855
2774,145863.1224353763
2775,110477.24305169382
2776,145872.7281812251
2777,154603.52801620585
2778,101079.35877603033
2779,123480.76874725768
2780,93737.91447877411
2781,93115.28434753383
2782,101718.63758444495
2783,97403.93890113298
2784,122358.8988125775
2785,143931.72274778687
2786,66622.41384766687
2787,119611.57060360622
2788,71451.64751020033
2789,154842.43901114506
2790,99890.94480668384
2791,113601.95733087437
2792,50570.546948195755
2793,167884.11160988448
2794,101395.2583494808
2795,126796.2679569571
2796,96707.93054895935
2797,197857.9606515326
2798,102778.77355302671
2799,108399.02278954291
2800,67607.70634633148
2801,103110.9661228999
2802,130212.84209756956
2803,162118.0095346502
2804,132717.19214065085
2805,93661.65873527314
2806,81592.42085188834
2807,165009.36774330965
2808,152239.2639154352
2809,132730.40153565852
2810,127965.09825949302
2811,154420.1992270048
2812,153234.8900581789
2813,146097.96541397163
2814,151759.23587412288
2815,86999.10325341664
2816,226008.85964369657
2817,159499.01436335867
2818,136448.25070683678
2819,180979.80593862224
2820,139617.14512957731
2821,98881.93703847981
2822,192464.07462380544
2823,299363.0897200856
2824,165996.0648371857
2825,139346.04695345822
2826,137885.51534389876
2827,134587.81735681777
2828,212607.9786253185
2829,214220.10905793268
2830,213514.93406310622
2831,177237.72210075136
2832,244724.3798997841
2833,296334.62243984937
2834,223404.57663313905
2835,223277.618753094
2836,195942.46127187018
2837,165932.38857039568
2838,151694.53309896102
2839,180337.0207635018
2840,200348.92244396472
2841,202399.7626212507
2842,232925.0191069009
2843,145686.65768023976
2844,167201.61598820778
2845,123865.83991016769
2846,206062.638383672
2847,208887.6272736259
2848,218342.84734615518
2849,192993.0709012351
2850,281653.5194621564
2851,203903.67013513882
2852,240376.46550670345
2853,244600.99464275548
2854,139424.8194726804
2855,201455.0019720402
2856,201356.5497835193
2857,192207.51779944284
2858,198546.27885201413
2859,124501.77945574408
2860,131843.1910198042
2861,121613.34548793924
2862,187784.7965506056
2863,129447.92312180204
2864,252319.1629687017
2865,140492.55054145923
2866,138461.43577169624
2867,97383.3704490362
2868,98806.6018447443
2869,93945.13310082396
2870,127938.1948782587
2871,84910.28974799666
2872,55942.62486333749
2873,90481.3219396292
2874,135036.31088404535
2875,114091.27731033914
2876,166561.71331798265
2877,149289.62753730937
2878,161904.83935588837
2879,142159.29027637612
2880,98298.09599901731
2881,149616.6373402927
2882,179343.18828945613
2883,202141.2766212058
2884,202592.39049822322
2885,188123.30460046674
2886,238603.59417876176
2887,96672.91674659497
2888,146898.44954746056
2889,58309.622320689334
2890,79194.88917834753
2891,146378.48967932237
2892,36778.44113944555
2893,58413.86436784323
2894,50637.43282082885
2895,331357.5415715923
2896,283706.6414061471
2897,208437.35064604552
2898,144358.0702597826
2899,206665.84808800556
2900,161688.616936638
2901,207088.66969627404
2902,173456.22963273566
2903,334043.1069757854
2904,341664.1650847737
2905,85683.10731348356
2906,199998.3365769762
2907,109711.70177020626
2908,132415.61476896473
2909,152699.64711477573
2910,80010.64051505936
2911,78528.5085318399
2912,149999.20001841124
2913,74663.71101186199
2914,73748.98888053489
2915,79287.43168027778
2916,78133.78260073691
2917,161097.55599432669
2918,122663.94627982029
2919,226070.0249324389
