Id,SalePrice
1461,121704.50436728151
1462,154847.54359909214
1463,185435.8076033143
1464,189634.42420546483
1465,193950.76085338072
1466,174176.18843398863
1467,172496.4261890557
1468,162115.16201311312
1469,185865.43263633118
1470,125623.97970441527
1471,189418.9835233961
1472,98661.9606699546
1473,98590.1100842989
1474,145349.52699081338
1475,112113.68062813224
1476,363383.05632089695
1477,257544.09938445428
1478,286769.7804063579
1479,282504.9842006405
1480,476354.2614355956
1481,332116.9028084739
1482,208691.29843378262
1483,180350.4822706547
1484,168226.6968981237
1485,189952.7718664036
1486,191239.4211298731
1487,331078.75048344256
1488,230955.71668681043
1489,202195.62221923308
1490,233931.2833820784
1491,196905.29111133123
1492,91653.0829505041
1493,184812.9372678634
1494,300384.3764079102
1495,287868.97835545876
1496,238459.3045455653
1497,176527.98705325634
1498,175604.75549087083
1499,160322.7902525871
1500,155087.65595854173
1501,177930.30422411635
1502,141361.04379512806
1503,277057.7901529733
1504,243591.89559106328
1505,227881.3821615945
1506,183325.6225268046
1507,245461.58604942483
1508,206208.22034908086
1509,157240.35345360715
1510,146493.75485034063
1511,156001.84997205972
1512,171100.03934854153
1513,143280.26856434107
1514,158093.80752506008
1515,187913.3927778758
1516,151719.91356313
1517,164430.50269695133
1518,130764.50004438145
1519,217732.7677781701
1520,129828.39824528733
1521,132803.3469960091
1522,171813.72914293082
1523,114326.83790510299
1524,125327.98241773047
1525,123297.8641851257
1526,115698.26463782649
1527,105139.74605523428
1528,129957.2530067286
1529,151151.8335413082
1530,180140.42260565728
1531,114322.71746125045
1532,95282.39338966507
1533,153291.25445638035
1534,117250.0383911619
1535,149359.99388125108
1536,107879.7494614632
1537,65730.52868284205
1538,155192.2807100998
1539,200452.86044086245
1540,93557.12878012823
1541,141160.24421181914
1542,140493.84085336377
1543,203696.4629256042
1544,81349.12899962392
1545,112677.9472999544
1546,138696.01282190645
1547,133503.9421679138
1548,135298.70630398783
1549,118423.33988352548
1550,139792.04638089912
1551,105744.65942351316
1552,140079.47923374237
1553,150600.33573635883
1554,115136.86658224803
1555,167892.54205229488
1556,87199.51396828881
1557,108347.59734899906
1558,98334.0740835715
1559,66908.76209187596
1560,140162.34625957484
1561,131002.40960148718
1562,132323.08151492654
1563,123054.75922113413
1564,157260.2969344289
1565,152329.94391614627
1566,239273.76975773097
1567,73882.2875867661
1568,233037.9864817309
1569,137651.01109958376
1570,137583.31560195613
1571,118127.98947868081
1572,145315.65068755075
1573,246428.03508355483
1574,125400.78239298167
1575,231542.34373247833
1576,251515.2990701945
1577,189137.0922396859
1578,140886.8255701242
1579,150961.87726634738
1580,190105.43444473905
1581,155733.27683552654
1582,125918.20384260915
1583,297526.44944169704
1584,219993.70164438628
1585,142188.65535274055
1586,68958.19644287108
1587,104202.87694236104
1588,151058.86938373625
1589,97188.94595165334
1590,129923.70163073904
1591,93760.93783789226
1592,111959.18765675263
1593,121844.23855840768
1594,116218.3215755411
1595,112299.13445100813
1596,228634.6487528279
1597,193374.1556403387
1598,225520.4078338202
1599,171208.2779545041
1600,167795.57293521205
1601,67197.51684122304
1602,118014.13803047025
1603,66866.03878910647
1604,269216.9384987683
1605,241219.85191574827
1606,162644.90032716605
1607,176620.63456524405
1608,218319.59899401822
1609,186009.67674949206
1610,151820.34430157102
1611,140783.46434990485
1612,173870.84340793127
1613,163366.80645041558
1614,121431.4576139143
1615,86591.83348207995
1616,73840.65254941034
1617,87223.06955361697
1618,128416.41609035294
1619,145481.76595734435
1620,167957.21878936386
1621,137472.90028709653
1622,144154.41059401227
1623,263212.1271952246
1624,219272.5702819896
1625,120791.9559656799
1626,164923.21777332172
1627,189644.0436749199
1628,279644.6546908264
1629,177832.3376860591
1630,342541.50278369756
1631,226028.58759739457
1632,241844.14392794922
1633,171007.34389829627
1634,186511.29363077515
1635,175370.56747217997
1636,154126.4765382532
1637,210836.2322866088
1638,189438.03858660057
1639,180075.73618332384
1640,250320.24621299614
1641,176919.92715030626
1642,236866.45573323764
1643,223659.38306559363
1644,231293.2772945929
1645,203258.94456227974
1646,157246.57116870352
1647,155837.50722270072
1648,131942.07889473674
1649,141287.59252460746
1650,113431.21736227428
1651,121266.77483068034
1652,99686.37423842409
1653,100753.99907398144
1654,145194.40181507042
1655,138766.4760423244
1656,141286.03454616846
1657,149008.16002008083
1658,147367.53684956385
1659,117289.2654627735
1660,153204.80534871988
1661,452999.92295202205
1662,382366.1711385732
1663,378152.4936902789
1664,474482.0288245915
1665,296593.14382756857
1666,321341.85943591327
1667,374947.8274109986
1668,336258.59453001065
1669,303731.0210232737
1670,341738.54820556816
1671,264276.9157272943
1672,415645.8158187465
1673,301150.80057180295
1674,242737.41813056535
1675,200269.42268756786
1676,197768.36346093973
1677,220205.88763926784
1678,465684.76988887147
1679,380807.6871261836
1680,332279.58310007537
1681,241427.51536991342
1682,317206.569109348
1683,181311.01857275618
1684,174585.39844621287
1685,173167.5296248707
1686,171476.68259723936
1687,170213.79685858547
1688,188335.90081489482
1689,193659.63878038156
1690,196272.4562240006
1691,183410.79784859932
1692,256077.14139521625
1693,174151.74788883058
1694,179941.67238294613
1695,162784.74957444047
1696,268503.8971123161
1697,165838.32180291665
1698,348884.83902436454
1699,320324.7931843155
1700,258566.34857865982
1701,277928.2289454954
1702,253132.97686921878
1703,251348.97673849834
1704,283749.22631608834
1705,235541.62333674543
1706,407609.4581214843
1707,209177.17362166653
1708,204024.43486788325
1709,280816.3513080534
1710,226931.5307154453
1711,277241.3375055546
1712,272194.79250709736
1713,267386.90999976615
1714,220147.17555026972
1715,211196.3295855154
1716,182849.31522180693
1717,177266.7766316922
1718,135736.00869149313
1719,207487.7416947099
1720,238032.70001040818
1721,161573.19496394368
1722,125834.58939526512
1723,153153.5524073241
1724,216491.02527255958
1725,235524.78585468893
1726,188572.56513740163
1727,158171.1483831091
1728,168705.36028416108
1729,162719.6646510864
1730,150120.1816758014
1731,125602.3022336538
1732,123997.40912090018
1733,116855.68150642926
1734,126209.60407325036
1735,127970.88838324038
1736,114544.68445564336
1737,317752.99296096293
1738,240729.51981470556
1739,235602.36003300833
1740,222851.01344941364
1741,194173.27541466375
1742,178146.56400470668
1743,180194.55418911838
1744,311408.29827395506
1745,220780.96798194366
1746,174357.09987447583
1747,216884.95690443198
1748,223120.12311346104
1749,150525.8149841413
1750,127639.84489724379
1751,245713.07134937673
1752,117481.05291877885
1753,146790.16807769224
1754,186878.07536410846
1755,169952.78045039377
1756,125890.90506182068
1757,122696.33552934453
1758,146333.22827316262
1759,159208.87291711665
1760,168111.78668233732
1761,143482.12928918807
1762,177451.66467064922
1763,172283.7003996976
1764,118035.27911240602
1765,174540.21664082268
1766,180173.88025066644
1767,221378.71792682365
1768,145521.97571466002
1769,164460.29996386397
1770,155282.97101417236
1771,126079.99869308353
1772,133452.95375839865
1773,125912.02116434283
1774,144162.0645804723
1775,140586.774724131
1776,129029.20081396027
1777,105661.94234463753
1778,143309.9784648268
1779,126464.9529995471
1780,170673.5024714323
1781,130302.49134081065
1782,91895.03552976224
1783,146876.83282994066
1784,107171.47921895361
1785,116650.36712339656
1786,138954.93418129286
1787,165435.26189743297
1788,57009.058642287
1789,98726.39481463922
1790,82211.48067411267
1791,177636.20655442023
1792,154577.62003710354
1793,131836.19500118232
1794,151349.07028652978
1795,135773.67213137695
1796,122632.1205078576
1797,109241.45246393328
1798,123321.0105023441
1799,113973.0095685687
1800,132026.9218867787
1801,128015.43909861098
1802,127167.71991884106
1803,145015.60540500312
1804,140862.96771937376
1805,133968.611944694
1806,123966.28092613323
1807,130358.58022686899
1808,122063.62652731047
1809,129059.97000865165
1810,142480.41162979938
1811,85363.71065383745
1812,98996.15736076504
1813,121692.24197426664
1814,92927.57740162763
1815,52690.601919946064
1816,99602.46268071978
1817,117473.19450473547
1818,143974.42204123776
1819,125971.07024773587
1820,53273.82165957958
1821,110400.896150078
1822,155341.24707056428
1823,40421.16905125354
1824,126294.49269136458
1825,138539.48768503725
1826,109022.25460026688
1827,101810.92292990004
1828,140182.87876887646
1829,119132.17744465866
1830,147734.01507949384
1831,139291.27487265583
1832,77272.03556791315
1833,139690.1097303
1834,120729.52761139252
1835,122384.96726791716
1836,125168.45454392176
1837,91591.5706473711
1838,126582.35898668144
1839,92899.44894791384
1840,159091.41898871315
1841,140171.54346665804
1842,88406.28790716175
1843,133592.26529188541
1844,140182.9372065052
1845,145113.1315884611
1846,158429.74519028992
1847,167884.73788968188
1848,52314.60388196408
1849,101570.58159063997
1850,118462.65781410439
1851,155501.50510611615
1852,131107.80896785445
1853,133467.47185228008
1854,165786.7533608941
1855,155126.63938771642
1856,229445.96548204802
1857,138848.40645394992
1858,134721.0462694412
1859,115345.09492923369
1860,152532.37327205023
1861,116367.53585538338
1862,300933.1944155677
1863,272870.0009751319
1864,270459.47628097376
1865,339433.6070986201
1866,322187.86716688756
1867,230629.60098639646
1868,295670.11129279766
1869,202860.51124189404
1870,236025.49812933113
1871,251347.75954096823
1872,175944.1169147174
1873,242515.34684383383
1874,142773.63628619316
1875,194374.6287752831
1876,196227.31768433252
1877,210118.0371200352
1878,203761.50148091972
1879,132394.4191887688
1880,130750.12814696073
1881,249905.89620414155
1882,251183.70132829042
1883,186248.920294744
1884,202293.3479768292
1885,229871.54181985863
1886,280896.23509007704
1887,207388.94843196042
1888,279826.4672715492
1889,169971.90664514928
1890,127360.97973475774
1891,126532.17973633621
1892,97427.67983703209
1893,130988.40723152451
1894,125051.80079342108
1895,136797.893933578
1896,126265.8435244831
1897,120932.14980036428
1898,117455.77907087641
1899,160589.80074298798
1900,154764.0116292689
1901,174820.85848387197
1902,150804.42653632723
1903,213848.5945217426
1904,143630.0248268731
1905,197936.05191265713
1906,163496.9783805341
1907,217879.85170724994
1908,107770.95721804719
1909,134461.16513791695
1910,121419.2858113843
1911,221586.73278136164
1912,322163.67067986814
1913,142225.7952988016
1914,50128.591038821105
1915,316643.1315206722
1916,69837.7256328402
1917,249901.54057933396
1918,137691.05139414305
1919,173666.025847779
1920,155248.09889269192
1921,386166.10262039007
1922,313833.6119963169
1923,226045.75272444362
1924,236772.73666030404
1925,199672.57268528495
1926,383945.0665081705
1927,136983.01008992494
1928,154885.61234947207
1929,130213.43858772448
1930,136367.82596501944
1931,138905.73194339703
1932,136723.58542930547
1933,186346.55189597
1934,175958.17171190697
1935,168029.53815149533
1936,191153.71167371704
1937,184202.58196065394
1938,170190.87798651322
1939,245483.37529575833
1940,190652.08172934773
1941,170934.39114145248
1942,179991.29210159363
1943,213178.94762578813
1944,372651.84582000715
1945,393354.28869519674
1946,138929.53668391437
1947,309792.611192161
1948,168161.565080641
1949,242553.26942285008
1950,183383.9487727762
1951,250835.62708713918
1952,212885.9545790895
1953,169716.99242983636
1954,187351.9664303952
1955,136168.80462762536
1956,308879.4278639074
1957,152913.0059104067
1958,291791.1504754778
1959,142386.88056616078
1960,114873.39576163627
1961,122242.60458166225
1962,100543.8271721188
1963,106321.22653634108
1964,107698.69343969354
1965,139943.93686455511
1966,133880.08448691224
1967,306686.93340154923
1968,417747.5833518471
1969,378647.80002648785
1970,434559.84912243363
1971,470295.67829419393
1972,380969.77901332034
1973,279391.17247860867
1974,321872.8614456397
1975,536363.0668802201
1976,274852.9358482307
1977,354810.80777520285
1978,354422.04222210555
1979,332628.50903383025
1980,205655.5590377288
1981,346096.45749284
1982,221430.3418393945
1983,207151.8324584515
1984,167939.86737310875
1985,226889.10289794535
1986,216908.5579135515
1987,179068.78068639842
1988,175803.61361188893
1989,187145.84843253825
1990,209480.29029414128
1991,234094.12795546005
1992,211130.58800386853
1993,167642.51879438703
1994,220829.83889716954
1995,181530.98080787563
1996,258816.14146804335
1997,306552.74708418077
1998,323480.15839721955
1999,276022.614581996
2000,319449.3551309852
2001,285408.677821651
2002,242201.0573036744
2003,261875.96766536945
2004,293990.766702208
2005,213200.88292811174
2006,217020.21272613507
2007,261124.12676945422
2008,222485.48662763435
2009,195540.84007174833
2010,192294.7490831749
2011,142410.06291658187
2012,175533.01966075387
2013,180238.91788445265
2014,189904.49439220034
2015,206897.223434728
2016,194615.06416902723
2017,197586.1841409118
2018,123320.48245430076
2019,137961.4489777793
2020,104601.12188987664
2021,106192.53598834196
2022,190607.9656054717
2023,143196.2236101176
2024,265216.2330843835
2025,366270.5740577445
2026,177106.02651758015
2027,157795.6894893064
2028,150279.29206292809
2029,164899.51931767134
2030,270942.47257942194
2031,226858.182794156
2032,236777.28080972756
2033,253602.69254721125
2034,171201.57436835943
2035,218320.0701501081
2036,200235.45226518842
2037,216140.82522382177
2038,299603.34315982374
2039,233075.57280020026
2040,297672.4930732725
2041,289072.96185976453
2042,202200.51863286688
2043,172857.13141941268
2044,160321.7848244174
2045,209302.56895354565
2046,152624.28033316537
2047,143144.01869264262
2048,136824.2332174838
2049,138591.16924249663
2050,176499.27290324128
2051,105953.631370479
2052,126329.29485472725
2053,150966.3264527206
2054,93851.77784091682
2055,158704.6972323011
2056,147907.54915659424
2057,113238.49485748564
2058,220265.5641887495
2059,134106.87718709154
2060,173737.21981694258
2061,169910.43829625985
2062,132679.02774294245
2063,122833.90161280477
2064,138582.530463784
2065,119885.62017642472
2066,162629.3515876956
2067,107479.7903686705
2068,140501.88643657073
2069,83379.99322957233
2070,112319.77895453373
2071,93702.83612806114
2072,140061.06804259573
2073,135131.31897073932
2074,176488.55087591833
2075,150316.9139778127
2076,117373.2333012208
2077,158250.01409347384
2078,126629.80490149403
2079,130412.81623967669
2080,119544.82450555803
2081,125003.79582232793
2082,125847.42042989172
2083,148649.2479782258
2084,113186.30271547126
2085,120497.10994945651
2086,107566.32186804475
2087,119264.82437042348
2088,93382.9752944617
2089,76971.21817394276
2090,131037.17803025692
2091,122457.48623190726
2092,123554.71090416276
2093,113409.15100430661
2094,112943.14782055645
2095,150014.78309797245
2096,83888.80386865539
2097,97897.12215185455
2098,145824.80362021638
2099,58465.952112575054
2100,78021.73283340238
2101,111357.9053492017
2102,117331.7979092973
2103,102436.6608666038
2104,135505.76026869132
2105,130801.81341384638
2106,71498.45047199697
2107,196847.62476029727
2108,117211.28162929403
2109,113239.62304604313
2110,126109.66671785971
2111,134548.96239796546
2112,143218.04473449127
2113,121057.21055613954
2114,118035.09088012956
2115,157903.34344424147
2116,117901.89218128951
2117,150316.24434624394
2118,127181.6325488035
2119,114933.63594828453
2120,111971.84179113645
2121,101316.0334157173
2122,118812.07549432969
2123,79105.27475739925
2124,155915.79722059972
2125,125601.94675917704
2126,154539.30540502397
2127,163925.682023642
2128,127977.9094818385
2129,91752.45641793337
2130,139595.09873126948
2131,141228.4125601843
2132,118370.67630248833
2133,119546.34556437386
2134,123673.42628093195
2135,94631.10360954012
2136,80524.00567821573
2137,113572.15013442806
2138,136062.53862464376
2139,148549.33092739372
2140,145129.46076700612
2141,155489.96571110107
2142,132081.17134668725
2143,147087.20927601057
2144,117222.69181376444
2145,141512.9229623741
2146,178356.80665732012
2147,130461.93816815657
2148,140877.47130007535
2149,156690.12351750958
2150,228211.0751380045
2151,114510.93671561124
2152,160797.48368853022
2153,163906.4409881299
2154,104252.49499181076
2155,139784.10870831215
2156,257158.9763750939
2157,227356.56097104328
2158,238233.75029385762
2159,215447.24211600525
2160,179578.70218385098
2161,241269.55474144404
2162,387097.21328040434
2163,350905.3261915924
2164,255317.40877876172
2165,202130.23200211007
2166,150168.42128443092
2167,217297.2756028709
2168,203098.66818763016
2169,196585.95979764924
2170,218533.43343824404
2171,156271.00586325148
2172,131383.43074876958
2173,166755.24447462749
2174,225524.69382142182
2175,292787.32846167317
2176,304546.65795172774
2177,240666.6466674826
2178,209831.3458478869
2179,140145.53559584246
2180,205324.36122133132
2181,189589.98668757424
2182,227590.65165300397
2183,191512.49845539228
2184,119376.35111930754
2185,122290.28660927221
2186,139165.70982293526
2187,151110.3862181691
2188,153629.29815876507
2189,237487.25336506468
2190,83725.69183213105
2191,82202.83252391207
2192,90357.69742033233
2193,108741.98435497927
2194,105506.27434915968
2195,112778.70876389484
2196,100072.96688040557
2197,112401.1386068027
2198,152576.6399659497
2199,189106.3591108313
2200,152574.0000559193
2201,143267.27721868042
2202,212940.40546149938
2203,139375.08773164536
2204,181473.1008808943
2205,120389.34416088893
2206,140168.59497488578
2207,216823.10417525517
2208,267968.5229430345
2209,238872.9389758814
2210,117708.35153518278
2211,113804.91590998025
2212,115556.81528808795
2213,104277.3063805869
2214,129467.74164661387
2215,101775.53906327228
2216,152313.48747681637
2217,63705.79367422884
2218,69757.51540417092
2219,63996.01195572305
2220,61073.612478926756
2221,316820.2772544781
2222,277778.3486266559
2223,286127.579709709
2224,205211.29502810942
2225,122213.43306920408
2226,179967.00309056087
2227,194383.09338438584
2228,272105.33729284763
2229,258962.9340631601
2230,153321.38022907512
2231,220403.2868587285
2232,178150.18004069658
2233,183986.135469926
2234,239417.93799938148
2235,213840.3614589827
2236,257301.9529117528
2237,313895.36999744736
2238,200713.603949399
2239,111136.61088608402
2240,154428.583792548
2241,161983.21851070417
2242,121529.49153986631
2243,125444.63004123051
2244,104525.42154005039
2245,101624.83127818978
2246,146321.2806658297
2247,110172.84138273874
2248,124032.91376998578
2249,121484.09990360547
2250,130170.66141188606
2251,125468.4995469981
2252,177948.29949034477
2253,154077.09607414
2254,173963.98885007223
2255,186049.49695991268
2256,176657.17885036152
2257,202746.11502654143
2258,160252.18768940814
2259,174678.58397334744
2260,155643.1569235407
2261,194944.15816347557
2262,213753.533402122
2263,388991.90733710583
2264,522313.98145063524
2265,162593.74512721229
2266,296376.74799878756
2267,372771.2516840187
2268,442447.1283310352
2269,152673.0764406277
2270,199206.48653401743
2271,210437.10529773112
2272,208421.2590467578
2273,165679.1228197586
2274,178600.82194537643
2275,170187.10324051185
2276,191580.66689673756
2277,184563.45264545773
2278,142896.73108498412
2279,124292.85060973642
2280,120483.9910606777
2281,169706.03901125962
2282,185691.6267117313
2283,108134.930072872
2284,112252.09462108073
2285,137479.92210953834
2286,122567.47289502587
2287,366705.8101310565
2288,280470.56894057535
2289,376108.3107457911
2290,458438.4398174133
2291,337116.23152496753
2292,424248.14358720457
2293,473373.62911484763
2294,396264.95833262603
2295,470551.3344083
2296,288575.61218419496
2297,332993.40064102504
2298,328420.0228088954
2299,358029.4660374511
2300,334916.1110434976
2301,318517.8264565445
2302,252958.91145912212
2303,240313.9993739928
2304,253065.6946721801
2305,200433.1704811549
2306,190510.13584832996
2307,198921.77849129832
2308,233237.1620718257
2309,276024.81672733853
2310,219102.08345610037
2311,193738.0905760304
2312,176387.9914509943
2313,171245.07243093685
2314,175885.2728602013
2315,176270.5924081092
2316,188572.93495087544
2317,189112.26771335545
2318,178934.32289881975
2319,172371.065413095
2320,174598.30879388392
2321,237958.74486168448
2322,178327.46069954964
2323,194355.21695246903
2324,179133.32628789233
2325,209160.81506015826
2326,176123.85753591202
2327,199673.2666450962
2328,218381.84374996272
2329,188424.74222143024
2330,176208.66069020654
2331,358092.12915765843
2332,387573.4548440082
2333,318630.27341672045
2334,254523.7712440819
2335,275408.2098378599
2336,312678.5540030661
2337,196726.0654822219
2338,270884.88229340833
2339,214190.6363307247
2340,387149.63857236423
2341,215115.58311711127
2342,229893.67456630524
2343,231040.85420484346
2344,213223.5006161076
2345,231879.16835219922
2346,208922.94540601503
2347,197296.77257623087
2348,243464.5259871205
2349,183710.01318321435
2350,303604.46182747855
2351,254095.14571932654
2352,266220.3234445934
2353,252680.5814565721
2354,136864.85309579512
2355,148233.6091155815
2356,151962.74416835254
2357,190210.8514260952
2358,202560.24145373813
2359,129518.59168186787
2360,118324.14921432073
2361,142978.45260495652
2362,273106.9950056852
2363,129936.96111098527
2364,161086.50648609595
2365,216739.722841497
2366,195568.01737788823
2367,220465.96353727274
2368,212191.38124764012
2369,213127.73531754452
2370,169723.16254229977
2371,166442.33370440916
2372,189938.62387705542
2373,278861.1624557608
2374,309926.7601337694
2375,247433.07942645112
2376,278835.0343313619
2377,345656.28226828994
2378,150006.2723477867
2379,196452.56776883863
2380,150873.85562497957
2381,166647.15203158517
2382,205764.67741321842
2383,202028.38228131362
2384,244589.26498125208
2385,160761.21538840103
2386,134344.6910969683
2387,138819.31685496552
2388,106648.53509514937
2389,126122.94468146568
2390,153578.58979872114
2391,142388.18379598286
2392,118324.35503021967
2393,169810.9113950027
2394,139280.09302203046
2395,198823.88601219538
2396,141174.40697757894
2397,218879.6796681907
2398,128584.2280895614
2399,64215.859855845156
2400,61445.60135363248
2401,116705.9453771086
2402,137364.76278743276
2403,142570.32030388058
2404,154133.88498435105
2405,157269.2148417863
2406,140180.3567015962
2407,121526.70857859764
2408,148173.13982278138
2409,120001.51032746566
2410,164899.56480736512
2411,117063.12741899592
2412,155461.0075858816
2413,134056.95885602754
2414,150524.88779475953
2415,131466.34900742723
2416,124684.51851917236
2417,134659.69041157086
2418,132164.6900179427
2419,126194.136945495
2420,124554.69617267263
2421,144786.12899992522
2422,112345.86405935738
2423,119253.27503769407
2424,151173.40851783837
2425,203575.41808413254
2426,129107.31121268793
2427,140020.8916383482
2428,175272.52344239573
2429,114174.5783172287
2430,133144.8257589424
2431,110093.0778910313
2432,146543.68129330422
2433,145305.56693354895
2434,139581.9642706291
2435,148814.79112087697
2436,110697.02009866766
2437,110737.31615092048
2438,124572.79586908109
2439,104912.73168948897
2440,122809.3832686239
2441,86453.62857129549
2442,95491.64301716976
2443,127866.90744876818
2444,138140.912973799
2445,90200.56222856868
2446,136963.51861619894
2447,180316.69865850927
2448,131403.9949891845
2449,112970.64421376883
2450,151666.25643634403
2451,125960.38294573344
2452,201828.02763069468
2453,94761.55197435016
2454,125906.76513910717
2455,115413.20863678737
2456,135846.08302586208
2457,139513.27604741487
2458,131702.23445232026
2459,112765.75425010337
2460,139276.3999855491
2461,126146.48700008854
2462,136245.35486178414
2463,126478.5712625461
2464,169339.7608736731
2465,142895.15919269118
2466,114299.10648576426
2467,125991.89896387055
2468,83766.50190419871
2469,82629.67523722966
2470,195162.96735378195
2471,200590.61658038886
2472,167221.55987484695
2473,114437.25375077891
2474,83558.8937368013
2475,216170.43789391438
2476,111726.77562667827
2477,130623.96826323334
2478,152253.17464861315
2479,107741.75918850274
2480,156246.3095848312
2481,129503.48021955803
2482,125367.95067385238
2483,116062.9940954298
2484,127046.94872314665
2485,127252.78228114173
2486,159865.05505879526
2487,170399.1581594664
2488,162663.2872651574
2489,154559.88688902534
2490,146448.50974897874
2491,89846.08371802609
2492,196369.16321487096
2493,160599.6058624424
2494,141464.3891833543
2495,86648.75681505348
2496,241137.16259663954
2497,149064.18431722999
2498,113640.08084653014
2499,85103.89296554402
2500,126768.04732121089
2501,131654.25393152484
2502,148725.88254069124
2503,94876.44789347622
2504,177907.29090634646
2505,230470.36884476384
2506,255785.74769011713
2507,276764.4116369883
2508,254421.27873521202
2509,218841.31783472028
2510,218069.6517366025
2511,175903.2928144848
2512,204425.7044261491
2513,220456.1239120657
2514,290600.90088027774
2515,152855.6349273902
2516,173469.0890427467
2517,147351.57433265963
2518,150708.81744495954
2519,234270.40381654486
2520,212199.7798653943
2521,188111.9195826556
2522,223832.34321112037
2523,121927.24884368246
2524,138518.13496550426
2525,142023.78893616277
2526,141960.6382692233
2527,122218.14565291867
2528,128034.34029241471
2529,138187.18314364282
2530,124392.79806738746
2531,247921.72597478275
2532,223730.14917872442
2533,191741.20238086832
2534,229671.53611387764
2535,293863.8520760947
2536,232863.38138417728
2537,236989.33257824872
2538,179128.64116346187
2539,186439.76508609945
2540,176665.45688597826
2541,179619.0123997795
2542,164783.3273380986
2543,120629.07757029773
2544,116973.72924664752
2545,135692.7670138737
2546,124857.46233287048
2547,136020.6564157442
2548,145358.650815099
2549,161369.29288222798
2550,705455.38831408
2551,140448.52499732893
2552,128120.15618114347
2553,75589.03529040802
2554,98427.96217821182
2555,114126.70649883318
2556,102211.46430917378
2557,103111.92262864776
2558,155777.30621296488
2559,136275.03529441194
2560,158530.05544241756
2561,142171.78303479115
2562,142714.72912773304
2563,151404.61335335416
2564,198695.91657349843
2565,143665.76169577238
2566,166417.9258688236
2567,134794.21440170257
2568,203157.31142861806
2569,235451.77412197235
2570,117248.25075712422
2571,188933.5998058883
2572,148779.78522554043
2573,224192.27506365773
2574,310588.9015219604
2575,133221.41112732503
2576,118329.6674252115
2577,157588.97609668528
2578,81899.66076423135
2579,66621.4982274659
2580,83842.30841866662
2581,91962.70058308603
2582,94224.93671703123
2583,300583.1622636082
2584,179411.1566920211
2585,190110.8893583967
2586,219969.69722248075
2587,190157.99275418627
2588,137780.80506820424
2589,147740.79357184717
2590,200282.92114735115
2591,212522.85706319535
2592,208629.4129567719
2593,253416.18657844633
2594,181190.87819356122
2595,194305.2988687769
2596,298567.3465204924
2597,182138.95684161648
2598,280773.8606820423
2599,327347.993234839
2600,146310.01072946898
2601,140091.86149969697
2602,78595.75455925545
2603,95370.6417569917
2604,82696.19508436574
2605,76638.08528218514
2606,151679.3387838271
2607,192080.9686205258
2608,189529.581591972
2609,169780.2956860469
2610,107816.99201374111
2611,127257.95653019792
2612,156767.30559113892
2613,135819.90096354074
2614,126166.36319990006
2615,151672.67327796572
2616,144941.77330921494
2617,172610.1009427838
2618,202654.27848706816
2619,195582.66743337704
2620,180166.94911619808
2621,178724.03515852126
2622,180209.66670884602
2623,242043.94048926068
2624,301745.3666496379
2625,294766.48582415556
2626,172585.59688761062
2627,162788.65416070895
2628,486240.8607137247
2629,517854.9285667653
2630,388170.8463909926
2631,459787.70837494463
2632,431557.77267573116
2633,314427.72627188853
2634,417919.5088481274
2635,152420.32625518338
2636,169864.2100697789
2637,169078.5294940831
2638,257434.0709640409
2639,188150.8594048003
2640,149443.60024558002
2641,105399.50401504409
2642,191509.3121220679
2643,102641.31100505767
2644,125537.72750925132
2645,108188.62581823418
2646,96803.81977287545
2647,102577.28890524335
2648,147806.01447108164
2649,151592.66745514196
2650,131562.88595247848
2651,142175.75347409555
2652,408107.0149700968
2653,257149.7527948806
2654,260357.27513930274
2655,400216.65939755697
2656,332458.07957784535
2657,343157.26463816443
2658,302149.53155989596
2659,304939.28922764846
2660,362819.9349759995
2661,353253.61974092416
2662,358401.87407232384
2663,288886.0419598364
2664,265633.77570609836
2665,328736.93888637464
2666,291532.5175519898
2667,168810.58280448493
2668,177779.17223958654
2669,181508.29449035038
2670,275246.8463884387
2671,181693.86630689568
2672,194096.83625511138
2673,199466.61849314324
2674,197102.45300841634
2675,171429.95578396876
2676,192406.15850141898
2677,196446.94874180644
2678,243087.64327991943
2679,278029.6818947168
2680,285308.34440019296
2681,383916.0693047525
2682,326158.22988981544
2683,525672.5614591494
2684,323201.4232184214
2685,327971.32650686655
2686,251817.1897287947
2687,312485.96319494944
2688,213197.76971958132
2689,201202.43408429576
2690,414415.5401711351
2691,191778.07464003065
2692,141967.99456250956
2693,200536.8330980654
2694,134968.0706281393
2695,192303.8023330447
2696,183885.43741882095
2697,184737.42518200167
2698,195637.48610526443
2699,173973.05623215373
2700,158397.0107975024
2701,147408.04936281976
2702,109470.72625939167
2703,114825.57361864095
2704,144940.7744434824
2705,118214.77071311869
2706,109737.36101907297
2707,123670.92638305374
2708,135660.4700767034
2709,102942.51169618488
2710,126930.29853208234
2711,312633.91777005256
2712,387317.9091664986
2713,172326.54092942382
2714,148250.49027696074
2715,171254.0670119335
2716,139350.240450828
2717,196102.07159410507
2718,218754.93865848202
2719,154061.97524647546
2720,171404.6461281537
2721,135071.19045003274
2722,158341.3372554292
2723,140312.52378070506
2724,126882.46091028633
2725,131475.7484533434
2726,152095.41424870744
2727,186279.42550137878
2728,173985.84851322838
2729,147490.10630520034
2730,145708.82793331935
2731,125306.61683704882
2732,133647.48384499337
2733,158372.27256534717
2734,145894.46247369895
2735,134229.3722599618
2736,143759.74313272792
2737,124807.994909758
2738,135539.2603266441
2739,157435.61107169086
2740,137713.83890869623
2741,142458.00730711938
2742,155694.81891358504
2743,156100.47336735678
2744,162738.45831314966
2745,141168.983818273
2746,140366.50359158282
2747,141624.7225379404
2748,124676.97329010406
2749,130835.44141691309
2750,137251.36922712732
2751,138123.6630547855
2752,191483.99584344108
2753,146854.62371197675
2754,213548.0104720941
2755,130410.82729961115
2756,97796.76930414021
2757,70563.1224549494
2758,86142.36546083026
2759,164339.27938881
2760,121644.38758256305
2761,144404.3875394204
2762,143021.70659407458
2763,177022.1936776929
2764,157889.69782224932
2765,272458.47888996016
2766,146330.5452802037
2767,89955.34624574867
2768,133860.92259756103
2769,129848.0858452717
2770,134583.44690964653
2771,109739.36929688124
2772,109307.46453414006
2773,170125.35835820268
2774,143372.46123776765
2775,115392.66680065465
2776,143683.11142335559
2777,149836.80696842476
2778,101500.95975662635
2779,122618.23056408016
2780,94551.95561414059
2781,94887.12183275542
2782,100414.44649526986
2783,102224.35977684129
2784,120410.11132297388
2785,139784.38740010263
2786,65071.14834639955
2787,120260.48686228976
2788,75171.15808032926
2789,165449.2740715541
2790,96373.2081351202
2791,114939.26948500809
2792,54663.09843544831
2793,174514.99844450105
2794,96713.35269351731
2795,124734.22662810235
2796,96452.88271872049
2797,206686.4860729645
2798,101752.36319505687
2799,109060.66326871984
2800,66741.96021034179
2801,104677.67766357986
2802,128691.72982857596
2803,158654.90105789495
2804,127385.15824886074
2805,101122.50625918331
2806,83905.68357540059
2807,165229.35355275407
2808,153511.9277078382
2809,133602.32492275565
2810,130579.53340146868
2811,160608.98499670604
2812,154127.10047164536
2813,152675.35189508868
2814,150886.81167499622
2815,92408.12026600397
2816,221496.1675004434
2817,159336.73248272
2818,132934.5281601946
2819,169749.2852609411
2820,140036.870172532
2821,108940.92112370774
2822,194679.7639022118
2823,324242.81783982954
2824,174060.14601613182
2825,151923.00676354385
2826,135775.00864803983
2827,133695.68822961327
2828,218748.32867751535
2829,217222.1623417208
2830,227535.24229207684
2831,182042.35060627156
2832,245403.6550401702
2833,283599.40083023463
2834,218091.84545456828
2835,221790.48161020022
2836,191439.49942125625
2837,161364.8128147983
2838,150931.3302455442
2839,178266.4635621891
2840,195647.15732287086
2841,202896.41832728914
2842,231747.39401392915
2843,143607.1551928465
2844,164245.72741063818
2845,122506.16995159461
2846,208384.27050257634
2847,202141.2715328583
2848,212096.52005709478
2849,200221.66303848856
2850,279027.8243011492
2851,209711.2095388416
2852,237779.4806048478
2853,241197.1798736689
2854,142049.92538330823
2855,199512.42424868557
2856,196615.83233425018
2857,187263.22047423013
2858,196502.52527185957
2859,121707.6997850035
2860,128590.1798245275
2861,127610.35461773112
2862,191352.70213615661
2863,132376.38115730663
2864,258150.77255232746
2865,137910.62799428392
2866,139564.54428552586
2867,95611.0327976838
2868,101792.92474593916
2869,100784.01117687432
2870,130579.25881416185
2871,86015.49597165505
2872,54505.87755831268
2873,99249.03465406525
2874,138209.13498020044
2875,114896.06361647953
2876,156510.19734739137
2877,143830.1733276981
2878,171259.67760529814
2879,139467.60026461002
2880,102951.39381013838
2881,145436.64667756934
2882,181894.96482948214
2883,204015.0653942693
2884,203745.71771316073
2885,191236.90787498862
2886,241784.16362443095
2887,93055.69338886795
2888,143005.4761702183
2889,56037.78169436892
2890,77462.3803915601
2891,140799.81540459668
2892,38918.27412225768
2893,64391.70936457701
2894,47713.340570729975
2895,337183.32000183
2896,288652.36751979444
2897,199710.59833265175
2898,145584.34212649148
2899,203116.50054339052
2900,158845.67570776647
2901,197109.03453099646
2902,176180.3075260788
2903,332144.2734120376
2904,345249.5318215198
2905,86550.70646108275
2906,196593.843971007
2907,108137.48713770827
2908,130359.31301291811
2909,150609.66721450927
2910,77514.96577798808
2911,78248.27651321155
2912,144790.98652293728
2913,78808.5937329226
2914,74292.45135665398
2915,80896.08819702076
2916,78481.85613299259
2917,169356.77650083203
2918,119394.1201515323
2919,218177.69030346227
