Id,SalePrice
1461,122241.02470390138
1462,152641.05758693517
1463,178987.4773204182
1464,187787.27356759112
1465,192710.0337644599
1466,172968.64438949042
1467,174079.49613690123
1468,161867.29470826784
1469,186123.69566655258
1470,122532.97161373998
1471,187638.8276361393
1472,98057.4377169695
1473,97252.3578856646
1474,141588.44066367473
1475,114251.60796341422
1476,350476.8898611368
1477,257053.0334985625
1478,301098.1393067614
1479,295919.35215325275
1480,470604.8606224536
1481,314365.5467222592
1482,214087.65135916803
1483,180416.57559385843
1484,165344.50014821775
1485,195219.81175364292
1486,194048.36721227437
1487,310983.54887945944
1488,227723.09943595895
1489,201315.8731399713
1490,221529.99537336
1491,201221.1068727623
1492,89555.21448790339
1493,189992.94820359984
1494,298049.52483716625
1495,285558.0484545899
1496,234345.5663777071
1497,173676.68514652425
1498,176914.2287620664
1499,164114.80212858826
1500,156511.12278840743
1501,175559.5484003723
1502,144886.68384588353
1503,280811.5468924816
1504,241502.8880893556
1505,224548.57364226825
1506,182437.04193308248
1507,240893.50257540194
1508,207851.77638551863
1509,159828.80029794545
1510,146005.26008296365
1511,156127.25971939965
1512,168910.2818859818
1513,143393.7311556171
1514,153574.6031264356
1515,184857.4157544276
1516,155375.88034659388
1517,164234.89835078677
1518,126934.00507079552
1519,220028.8602981772
1520,127358.49221009751
1521,130227.16881498811
1522,167558.89614959963
1523,110752.02011618888
1524,122437.15558622181
1525,122607.79612427666
1526,115519.753973128
1527,107933.48842839884
1528,128881.21339789021
1529,148362.54180210372
1530,175581.9676410114
1531,110127.5639274455
1532,91485.63765415347
1533,145651.60269220814
1534,121737.64517626111
1535,145538.32530950426
1536,104300.49052721646
1537,66538.17363788026
1538,150674.59678399912
1539,206877.61354003794
1540,99700.30755554246
1541,141424.12516622563
1542,141039.80313483183
1543,192716.23805671354
1544,84335.69993844078
1545,118941.75411071557
1546,146769.84656954027
1547,134692.63958343014
1548,136493.80236949943
1549,127830.81058077882
1550,143214.31633552865
1551,100296.2215276692
1552,141295.9095320031
1553,143658.34599696557
1554,114177.51153996491
1555,168643.1206835995
1556,85756.21222147794
1557,100220.86639877247
1558,98911.4183684968
1559,64077.272874550465
1560,137323.49269575434
1561,127551.9098015637
1562,134656.26819018368
1563,121067.55961577229
1564,157491.47061048402
1565,152286.00295509468
1566,248279.30905194549
1567,73668.84426089567
1568,242169.0383481829
1569,136676.0795884458
1570,148339.09214263686
1571,125758.1785550366
1572,142578.77405540334
1573,236111.0026462248
1574,121428.66356313188
1575,223581.74385137076
1576,254473.0225452437
1577,189397.79974623647
1578,144287.93000552585
1579,144187.557599483
1580,193225.95567218217
1581,155542.04097068036
1582,126947.18839510308
1583,299550.812218282
1584,219779.4045589283
1585,140235.32771200393
1586,69066.65999584431
1587,111892.41422770434
1588,153638.59086830105
1589,93572.56981398261
1590,132358.62254056404
1591,90755.465617865
1592,108078.0058700037
1593,120593.01223826117
1594,127912.54391069523
1595,113256.50466262118
1596,224870.63093057982
1597,194924.16859676197
1598,228160.6901236382
1599,175203.26948173798
1600,169672.39104602937
1601,64963.466015488724
1602,111369.92983621382
1603,67958.3973570174
1604,255722.803601595
1605,241752.70625479554
1606,164197.4560431061
1607,170621.33262763213
1608,219270.96266060113
1609,183777.21928145245
1610,149877.06491143676
1611,143766.2890089091
1612,169584.00344993276
1613,163163.29367708258
1614,117431.95081173674
1615,88483.67428351648
1616,75406.64555307267
1617,89126.93992087829
1618,127745.36428861723
1619,143903.7975654814
1620,161987.5532824921
1621,139375.21035869044
1622,144995.36916318
1623,256562.10378165985
1624,213236.3914707246
1625,119443.65724647033
1626,170451.33589645525
1627,184698.39991290245
1628,277793.34419315984
1629,181782.95273110032
1630,338565.9754686276
1631,231744.5937180818
1632,242292.74332476614
1633,175697.79390849388
1634,183800.693641711
1635,178229.27794366088
1636,152541.87900461277
1637,191004.73293907367
1638,189342.24262740172
1639,183736.40106367614
1640,247307.01623587348
1641,178207.05627077344
1642,244716.083636103
1643,218589.34616193955
1644,235725.46475192427
1645,194155.06908987687
1646,161106.5265855043
1647,156994.43747113977
1648,127765.8259367127
1649,143201.32364045052
1650,108861.08167781646
1651,118713.86337426883
1652,100964.31274646394
1653,102574.74982747628
1654,143733.62580253027
1655,138146.54805750537
1656,140182.21442927388
1657,148596.0472884319
1658,144945.87070880577
1659,119738.49260013478
1660,160511.0731442909
1661,449473.08576291316
1662,386178.0301250872
1663,384417.985741913
1664,478033.55037597974
1665,305852.70438923896
1666,323811.2836528583
1667,362861.62202290754
1668,351027.01640897774
1669,309637.3807725705
1670,352416.0432683123
1671,265192.4138383989
1672,416119.67810153955
1673,306401.8532559157
1674,240598.91004370598
1675,201136.22659227578
1676,200789.3804014317
1677,221962.2629231763
1678,461910.3082557089
1679,380358.20220462774
1680,321193.96843457664
1681,251799.62270516698
1682,326152.8978438373
1683,177828.71041938508
1684,176684.95526586525
1685,177848.83334391928
1686,169862.54317561144
1687,173453.8140840897
1688,191083.35560047586
1689,194028.5407903909
1690,201275.28247778435
1691,189747.09603174214
1692,263558.75228981866
1693,174969.89697363877
1694,178359.20844554686
1695,166401.5992895574
1696,266238.54456213245
1697,168723.412845191
1698,353034.352961136
1699,316545.01918496005
1700,257398.8430969247
1701,277840.88077883417
1702,251871.17946729026
1703,251262.58770873962
1704,283823.4446166479
1705,244413.30987284848
1706,412587.17642480874
1707,206712.5954103424
1708,203271.32352755504
1709,276904.34524005966
1710,228601.10917943838
1711,285621.87871334737
1712,263777.4097917482
1713,268877.7118599117
1714,218469.3798567392
1715,213338.72311684358
1716,184303.8645268481
1717,176836.16996948989
1718,133684.1385975212
1719,211907.24258978834
1720,238136.8578326269
1721,162020.37787876907
1722,123076.39257238024
1723,152893.56453422387
1724,211101.24498114525
1725,242251.09703318213
1726,183898.07046697283
1727,157025.55812509567
1728,175489.90329403058
1729,168450.10597800522
1730,155558.19411791346
1731,123286.71202969416
1732,129309.68864827178
1733,116899.10629779621
1734,124593.52257241384
1735,128825.43700681899
1736,113907.01776082425
1737,308017.9203807371
1738,247801.60080372423
1739,230426.40006043628
1740,210638.78162160423
1741,194917.75425731204
1742,173473.01217967094
1743,179375.07934540714
1744,319556.7253289454
1745,222445.29654211225
1746,190032.36443914444
1747,222885.58094333022
1748,214414.9434118404
1749,149192.24660455325
1750,124015.36094216391
1751,240509.38178273055
1752,117562.90339150725
1753,143292.98436184914
1754,183198.4587456234
1755,170494.1728506149
1756,122735.67751876735
1757,122771.3128005047
1758,148320.83245354216
1759,161774.2754421627
1760,162624.882622229
1761,142437.85923771834
1762,179145.25501566764
1763,173962.15318560338
1764,120119.0163074311
1765,173856.8518759991
1766,173234.51321463208
1767,208842.76388861888
1768,139906.45903600863
1769,167356.31423996217
1770,156707.72022662312
1771,127253.0070460227
1772,132754.78611782895
1773,126421.20473677324
1774,138199.77231930997
1775,140157.983742175
1776,130626.69116193915
1777,105694.7888863382
1778,140278.8711610228
1779,125218.53820018578
1780,171929.8741183769
1781,126029.48858052256
1782,89790.4990857358
1783,147930.2595820559
1784,106742.27915645123
1785,112985.96278640456
1786,146112.12410054207
1787,165994.49914921974
1788,60887.64401864201
1789,99487.6597722646
1790,83282.23099937178
1791,176820.70127352007
1792,146622.55147511236
1793,132932.942021162
1794,155287.69484855165
1795,134463.84974050993
1796,134406.6747910262
1797,106811.94351208759
1798,124193.76467862519
1799,115435.98829034646
1800,139551.35315153463
1801,130136.6883286342
1802,135807.36055950433
1803,145460.62681321392
1804,143476.4440949546
1805,136551.665434826
1806,120798.15416885084
1807,135034.01200659506
1808,130992.28046629224
1809,130932.63255410363
1810,137030.83285227104
1811,86003.46353575663
1812,94238.79823467173
1813,123947.85284400055
1814,92361.59006357334
1815,53024.57363300789
1816,99477.61284945864
1817,116456.50537702034
1818,146802.46907634704
1819,129137.51086896997
1820,54617.25580093828
1821,114579.68711243074
1822,153109.92179749877
1823,44730.204658342824
1824,130028.79244279113
1825,145582.5337968214
1826,113505.25268425343
1827,100189.52903096176
1828,138321.1767052869
1829,118417.55970525606
1830,143651.72332322583
1831,142119.41619871889
1832,77579.36326593865
1833,137106.61529645463
1834,124091.15201024701
1835,119862.00737113634
1836,115506.46998615285
1837,86001.03946198375
1838,130539.23810728862
1839,96456.277876246
1840,152815.63414493593
1841,140017.4920545458
1842,92158.29499663964
1843,135173.3666842466
1844,147178.84887037775
1845,151300.36395010402
1846,152805.79466824202
1847,170991.61979866805
1848,54567.21068864392
1849,102409.78616478443
1850,119729.04401760742
1851,156660.6910299906
1852,126669.30682885757
1853,130073.78180528077
1854,165133.20966742007
1855,157594.1421676863
1856,222780.36009571806
1857,132249.7619185161
1858,133010.8400246536
1859,116003.91725852723
1860,151057.90528635756
1861,116994.99867442857
1862,312580.7202022743
1863,284738.3602322179
1864,282469.96730129607
1865,353287.57312882063
1866,327005.57836097205
1867,229361.24676319005
1868,294861.36565013265
1869,203077.47484520276
1870,235284.0812822159
1871,254261.4720175254
1872,180374.73694550552
1873,244756.38821929932
1874,144671.79230227318
1875,197702.01895281204
1876,194400.7883202517
1877,208026.45605312244
1878,194558.14550823477
1879,131953.45042378482
1880,130851.25658173747
1881,250673.89543441514
1882,248281.333030785
1883,187225.50617178399
1884,200339.60231342792
1885,228101.253887662
1886,278106.2048745033
1887,206954.1875311475
1888,267595.74193520454
1889,172605.35896723284
1890,128996.08782763591
1891,128990.88558629483
1892,98763.93561497799
1893,131057.85501176206
1894,118610.64811613849
1895,137654.55403704624
1896,125180.9373048527
1897,116695.37507648028
1898,119251.36996125965
1899,161064.7906372621
1900,150906.0036198967
1901,173233.69090432627
1902,144906.17256039302
1903,220218.91334650642
1904,146621.36577207482
1905,193516.9912974341
1906,160092.7118884675
1907,211624.34819222157
1908,107207.04538878449
1909,135462.91456607173
1910,121838.8631566801
1911,226571.28249802257
1912,335089.78969115467
1913,144821.65061040866
1914,53637.311844224176
1915,316306.3021892543
1916,69614.58448959216
1917,249783.2317055875
1918,141117.70291498685
1919,172421.88757321637
1920,153437.66921175818
1921,380677.092469481
1922,323541.8926343069
1923,225050.7666873717
1924,235083.2150584306
1925,199276.15889893938
1926,383719.62587345595
1927,135546.93461384892
1928,154312.45897498445
1929,126548.4923735415
1930,139848.08599462078
1931,139968.47515937782
1932,139556.77190427005
1933,185019.13184158795
1934,174312.80042331776
1935,172129.08713777177
1936,186962.63861014348
1937,182076.77930578773
1938,170824.04917187855
1939,247260.19277175207
1940,185322.21490645484
1941,167051.17273087765
1942,179431.08694838948
1943,219981.3133754356
1944,378985.5647052293
1945,396480.06605242484
1946,139563.52429041654
1947,319558.1512611595
1948,170148.22969080403
1949,235237.88600881875
1950,183529.77970496553
1951,246771.7453943188
1952,208928.36444898313
1953,172472.61505811507
1954,190452.73149851337
1955,135724.23640795544
1956,300461.47342132614
1957,148981.73592504908
1958,281407.1482969018
1959,145974.09178446588
1960,116596.07997112308
1961,123121.13512241306
1962,99550.84358008235
1963,105242.64552820129
1964,107309.17949906352
1965,138382.51926506317
1966,136384.52469178473
1967,310657.5725523765
1968,413103.094458261
1969,384219.3380214106
1970,408318.37366089184
1971,456240.2622680493
1972,374892.1889324759
1973,288740.9424279442
1974,323660.34819735715
1975,503393.5792156513
1976,278249.1402082901
1977,360800.0468499033
1978,332010.19871175056
1979,329313.85053092823
1980,211306.41226705126
1981,342450.83568697114
1982,225893.82894983707
1983,212669.25057028775
1984,168630.6012074442
1985,219651.99255416958
1986,213579.45705280302
1987,181466.23323403447
1988,178176.17100613398
1989,190931.66763949112
1990,212784.38958131566
1991,234132.45772402635
1992,214121.50462242778
1993,169808.8738666475
1994,217139.6211003004
1995,183034.56349171427
1996,256829.15964845882
1997,303935.93540145975
1998,319726.43874373694
1999,282992.23831710475
2000,322509.410350265
2001,289364.9964976094
2002,239925.28553088938
2003,255465.78597714932
2004,304946.688967904
2005,218851.9331880636
2006,218712.19147273572
2007,258442.78256532946
2008,225438.85018863215
2009,198573.78263757142
2010,197117.0885237044
2011,143247.32351335208
2012,176771.83126520243
2013,182985.83707108514
2014,186934.3238175133
2015,213849.1745649318
2016,195988.1718373566
2017,200502.75361491868
2018,120832.79944955213
2019,136896.8803284717
2020,100639.99346622563
2021,107631.69472415272
2022,189693.47153424454
2023,143669.35538844255
2024,274321.27732602926
2025,353515.863576521
2026,174044.661537022
2027,159852.15992201059
2028,151095.76796875772
2029,160677.90764041236
2030,263728.78738866525
2031,229276.78236437973
2032,242951.30067316128
2033,248364.36209469193
2034,166120.6526802213
2035,219111.1957054905
2036,194841.3279978399
2037,208481.66398663475
2038,302455.07692769484
2039,235985.5500752469
2040,299164.61258891557
2041,305482.07926131453
2042,205160.63286584217
2043,166303.18249397035
2044,154597.90695671827
2045,209829.35113520746
2046,145007.48380842272
2047,142307.36258773183
2048,139089.30399591578
2049,134506.387365188
2050,175450.81637774437
2051,100117.53832350549
2052,120972.53296884456
2053,148219.56396233712
2054,97332.6345854558
2055,157726.56464498973
2056,156227.78104253457
2057,112103.32111869326
2058,217641.9889920707
2059,133528.9186280075
2060,167691.5135459826
2061,168102.98425517388
2062,130411.32323794896
2063,127070.68476897654
2064,139311.79430468057
2065,118473.15112331747
2066,172294.40900262375
2067,113691.49985358935
2068,138675.6184760646
2069,83860.34088131101
2070,111335.01124154052
2071,94395.77015269152
2072,137355.0362864024
2073,136090.76542247814
2074,181095.35554366294
2075,151301.99157575035
2076,115769.59345246833
2077,157091.932001568
2078,128246.38359209387
2079,127906.48415237265
2080,118950.42457448783
2081,123665.54187911567
2082,115520.48602095598
2083,147709.8508049773
2084,111687.39257694273
2085,116796.6361733299
2086,119047.88294568914
2087,116332.09402469773
2088,94372.72563052738
2089,75430.1993632556
2090,123805.09238094723
2091,117622.04244591868
2092,123140.14778019373
2093,111363.22960596131
2094,111958.0391996802
2095,152529.08165156943
2096,86745.34865148574
2097,96421.89292113058
2098,147004.18849975016
2099,59262.000538020744
2100,81872.87186432893
2101,113034.17253738674
2102,125634.02389486841
2103,107310.92473840235
2104,139506.5923684122
2105,130036.69938767447
2106,67418.58642959596
2107,195007.4640141722
2108,117504.36621379446
2109,111798.81483506304
2110,123552.00480819904
2111,141644.72539460944
2112,140615.29680564025
2113,120708.84918411201
2114,123599.16259767817
2115,162578.8722372784
2116,115170.86625703791
2117,150823.1817235909
2118,131688.90226310215
2119,112263.28302986262
2120,119826.77520474943
2121,89852.08808621367
2122,122560.69239583141
2123,81211.01602411839
2124,163513.78969381232
2125,121368.1584461427
2126,160076.60543301207
2127,153443.0675850444
2128,128258.56619194479
2129,93767.57191883952
2130,138554.82424918294
2131,147747.32273537733
2132,115810.43456449434
2133,116321.86211007256
2134,125897.9575808433
2135,94486.98391219639
2136,83329.7830321623
2137,110799.31666111598
2138,134547.21897182532
2139,147283.65134430912
2140,145659.36254247781
2141,163354.09928790753
2142,131665.79809051057
2143,141380.73968101342
2144,114816.41944528365
2145,142643.51091214907
2146,174000.3645526622
2147,137183.27140378457
2148,139927.45001782535
2149,155310.40746469863
2150,240438.12671227878
2151,120131.34712588614
2152,158468.57640372883
2153,154259.70911381496
2154,100719.66913632449
2155,145127.44226445656
2156,247463.6626009217
2157,226407.29747974165
2158,243072.86446646985
2159,218361.6017889069
2160,182904.73401128218
2161,240103.01341262128
2162,368033.3342905743
2163,364398.403958958
2164,253900.85072546994
2165,210650.30973278347
2166,153184.46841139227
2167,216172.02923765153
2168,201213.43174208672
2169,200444.60031738275
2170,218794.51315507042
2171,155517.95145892282
2172,130920.14293698149
2173,160771.85330477625
2174,218351.25763881844
2175,281330.8497454081
2176,306723.2217962425
2177,232727.94943522871
2178,216207.95728742122
2179,138007.71233972337
2180,200605.18319997
2181,188572.29645035285
2182,227966.2425623991
2183,192196.47625037914
2184,115520.61166771637
2185,130191.52849363151
2186,138535.26601082055
2187,155280.11513833492
2188,159318.4313698784
2189,258390.1358040888
2190,82238.4698063425
2191,81462.77037303764
2192,88086.95664285278
2193,111405.53660270003
2194,103726.8073299578
2195,114471.49636985424
2196,105058.92406975971
2197,110802.84491049306
2198,152480.30109311116
2199,185335.65739926344
2200,148293.52646296215
2201,151164.3384057789
2202,214329.53087175096
2203,146248.8189107155
2204,179729.4998890699
2205,112883.71965642236
2206,135244.30282380988
2207,231877.1009089584
2208,277314.4282158317
2209,234004.61432663008
2210,118672.14357379286
2211,111340.36248065194
2212,112226.1810561718
2213,105951.27499362911
2214,124896.6576717671
2215,103794.80091185785
2216,145415.97394551386
2217,62416.663613619734
2218,66604.54874807426
2219,59914.269025007125
2220,63107.06858855065
2221,317335.90464185365
2222,270336.7552021052
2223,283360.97852874524
2224,211153.63447685636
2225,122081.8348570389
2226,176070.71179978485
2227,196832.77855163862
2228,275639.63878251094
2229,259401.73968400864
2230,150724.49252311114
2231,219462.59529180772
2232,172001.32441687564
2233,189251.58017863234
2234,245679.6493299779
2235,209309.41400499927
2236,253857.55670336846
2237,309668.6639170682
2238,203015.43447730545
2239,112140.88542889667
2240,151350.70258654756
2241,155822.08182900702
2242,119688.75178018409
2243,124989.09423181387
2244,108128.48660357599
2245,100325.75456123488
2246,147412.96048946425
2247,108178.61621386533
2248,121113.41560279815
2249,119687.44223795668
2250,130665.20505143228
2251,117461.38652616317
2252,176576.17558632573
2253,154686.7154184913
2254,182100.88924739612
2255,182629.45666439386
2256,182518.67761088902
2257,199843.52422338794
2258,163405.7868090469
2259,171800.16159478715
2260,158337.45695121758
2261,200470.09600376646
2262,216938.13871831284
2263,401709.1572083689
2264,515022.33217728144
2265,160478.2498849578
2266,301490.8607972494
2267,364025.1074034672
2268,442639.26911434316
2269,152814.00248273675
2270,207746.80695294333
2271,212787.6557387719
2272,205878.0431105372
2273,164276.90925763032
2274,180392.11236565342
2275,166847.2519681783
2276,192515.0303147556
2277,180606.45798666737
2278,146140.30473289214
2279,124198.68274767078
2280,116904.98643240289
2281,165866.28842253351
2282,182124.6314263409
2283,108137.7869036377
2284,111262.66208659402
2285,138937.78900968534
2286,123331.78396047794
2287,376662.8753915439
2288,290145.6625074951
2289,362772.4610630486
2290,440336.6944412002
2291,346355.0244662123
2292,422542.7352832753
2293,472288.0685003581
2294,382853.4030761767
2295,481470.24961564544
2296,271552.3584660214
2297,354505.20836010284
2298,335792.90773348877
2299,352809.15891095565
2300,337597.0569958041
2301,340924.8250016578
2302,251700.23891102802
2303,239416.06761007782
2304,239956.7241826895
2305,200470.94045810163
2306,193638.0192461516
2307,199782.1882230805
2308,232829.4059584343
2309,281039.8748932989
2310,222711.54142178356
2311,198167.73721150876
2312,176669.39504366365
2313,172476.65362599748
2314,179243.09860823146
2315,180100.8355896784
2316,195002.63598258627
2317,190151.28649807326
2318,182632.51320948463
2319,178743.0443960704
2320,176550.0995669119
2321,239225.27767661496
2322,178723.61599326046
2323,197565.31608263127
2324,186532.31694800133
2325,208984.2516957021
2326,181456.36192511485
2327,200809.96358332506
2328,219312.56242316103
2329,185890.8267037742
2330,173638.71809668283
2331,345265.0190461259
2332,388567.82911873225
2333,316090.1466498382
2334,260666.44662187292
2335,284215.79873223417
2336,306402.1211017304
2337,192787.00932869996
2338,271891.3747002606
2339,213131.03953199642
2340,394693.6073916459
2341,208806.83991662954
2342,231687.72396410827
2343,230459.04658078396
2344,211723.86988069382
2345,222273.5744360244
2346,212304.83925240787
2347,198056.62490088627
2348,247228.35558829556
2349,182561.20008935782
2350,323749.4917722459
2351,259337.32722934216
2352,261189.77688944706
2353,246982.76294633118
2354,135879.15416636254
2355,147942.41136689676
2356,150724.50838822746
2357,187613.07049018642
2358,197659.77023331844
2359,133081.81364046314
2360,120622.7072397831
2361,143601.5625819669
2362,266087.99828576687
2363,132733.99972179843
2364,161178.49866226572
2365,218869.72135731802
2366,196094.7682480524
2367,217843.56315656783
2368,211594.7652755606
2369,206931.36844405794
2370,164632.28476695967
2371,163200.11924529602
2372,190733.4984647142
2373,275370.8873844276
2374,302703.6691453778
2375,237763.8166223657
2376,282001.43137776817
2377,338486.1521121494
2378,151277.64139406124
2379,190272.07515265624
2380,149025.26971476327
2381,162558.20697873997
2382,201150.48233679388
2383,198044.52993487634
2384,242882.45650308384
2385,162546.28890722804
2386,134714.19529213887
2387,140610.48177204997
2388,106064.17223665203
2389,130529.90285638816
2390,155582.45227752853
2391,141530.70788176713
2392,118178.18955624755
2393,171075.76836906033
2394,138862.0584905392
2395,200843.1190322737
2396,145336.27406724362
2397,210266.86192991555
2398,127490.34433342525
2399,65039.3049976576
2400,64231.21321638897
2401,118809.38853148723
2402,135517.3369524753
2403,140652.885141909
2404,156101.5979747532
2405,152169.57999420498
2406,140613.41311200403
2407,118214.07251542785
2408,143974.4852624473
2409,118577.09920642944
2410,165653.643160999
2411,119470.1493491053
2412,153629.5657018913
2413,131700.33878826903
2414,152308.47909956117
2415,128839.33819792735
2416,125973.56554219859
2417,130940.55516283652
2418,131581.68147262876
2419,120460.75875701383
2420,126624.31540940584
2421,142967.0172164242
2422,115387.346608147
2423,116226.21936136873
2424,160675.82728085318
2425,201494.00197188224
2426,126245.6047133693
2427,143043.74278044817
2428,175405.06198725436
2429,114122.36336755652
2430,130618.17108526926
2431,111628.97260829089
2432,152295.45563234875
2433,143940.49883760198
2434,137244.35912332707
2435,150275.39005096772
2436,108292.34704169151
2437,109429.4704746262
2438,123173.29244630027
2439,104073.41194562257
2440,121983.21165489983
2441,84148.60778280004
2442,93580.0168210448
2443,127217.79598675769
2444,142413.07206044954
2445,85520.62954725564
2446,128116.0970073198
2447,184225.73595804416
2448,132299.81996032238
2449,114119.2927149524
2450,152247.91143286903
2451,125826.07438422066
2452,200022.18672512408
2453,93760.84502602059
2454,120181.86053258512
2455,118147.39589033513
2456,136038.1723531721
2457,140356.3241450068
2458,139727.7629010584
2459,110796.71207661186
2460,143617.06295966642
2461,127756.86041925075
2462,131626.50941870132
2463,127331.3651334951
2464,170652.2278722013
2465,148653.8996376158
2466,110300.3728325519
2467,137511.29898129767
2468,89475.30101860837
2469,81283.04429386414
2470,195257.94432528972
2471,198362.72157481543
2472,164849.04419534444
2473,107364.84821600115
2474,81736.02997297852
2475,213311.8607477693
2476,112814.38407966914
2477,130248.955590821
2478,149280.62929411387
2479,108154.02227982385
2480,156023.6486996947
2481,129161.42054985312
2482,123300.48686882082
2483,115868.41264767203
2484,126349.26163198453
2485,129942.51110601408
2486,155549.70143387406
2487,178931.30304748137
2488,164615.6640011464
2489,155738.36308493317
2490,147315.11202035798
2491,88485.9884521361
2492,192283.98219819486
2493,171374.8185413939
2494,148994.4009254518
2495,88617.33721263024
2496,244983.47733218243
2497,150360.39589039696
2498,111914.78901155488
2499,83177.58693371226
2500,119307.87102311224
2501,130134.55999150255
2502,140628.13404710827
2503,89377.3116215673
2504,170768.17175628192
2505,233254.8100869311
2506,258677.9497653657
2507,276489.3425795916
2508,258072.9259851579
2509,218448.15695133415
2510,218134.81852072122
2511,174970.80129363292
2512,207923.55602689838
2513,216269.50131219107
2514,266871.58075080276
2515,152968.5403911078
2516,177537.2051031988
2517,145248.1129767423
2518,149946.98544892948
2519,233673.37444616144
2520,218874.65042989614
2521,188784.69992238726
2522,221759.84139162395
2523,122227.95920751191
2524,136064.67516212494
2525,141985.67570894226
2526,145464.72412625919
2527,126852.29140767865
2528,132094.53003600193
2529,139311.54661053154
2530,129422.80280674246
2531,240954.60107501273
2532,226061.44751643826
2533,194557.44407085414
2534,234974.99801015976
2535,279063.0675863007
2536,234844.9084565699
2537,238405.8874546008
2538,183981.117034674
2539,188882.83515126279
2540,176423.708662874
2541,185372.31782396286
2542,166047.284276985
2543,120801.81934270509
2544,115251.34476909721
2545,138570.47900329714
2546,124335.66478155881
2547,138031.21720915253
2548,151253.6304938425
2549,158937.26693598056
2550,723042.046978486
2551,143249.7402270467
2552,123991.7455974644
2553,77700.7038682635
2554,92969.04866426089
2555,115417.93341334056
2556,103404.59387115628
2557,101729.40938635658
2558,156137.16043608103
2559,134592.20520181194
2560,158158.00603338948
2561,150254.88493001225
2562,141309.2574940286
2563,149334.80601971195
2564,189340.09847135376
2565,137066.83669700168
2566,161627.814197251
2567,131975.1346657999
2568,198486.15587894293
2569,233376.97229481064
2570,117140.59575950712
2571,182168.81996707237
2572,150405.5279528073
2573,234073.62046324604
2574,329868.1849256859
2575,134457.56113905544
2576,113540.53772162281
2577,151522.11165645614
2578,79037.30839435391
2579,66255.11765010755
2580,81866.49303317834
2581,92547.66058787443
2582,92324.85419962984
2583,286460.2568364603
2584,177850.90263935897
2585,188267.6824768534
2586,212631.14065911926
2587,193721.93846906713
2588,138554.39747341542
2589,148604.8508207046
2590,200836.1086986558
2591,218954.1728748314
2592,202258.74632644458
2593,250404.53893279834
2594,186675.96810792704
2595,196996.35176045343
2596,294724.47402659425
2597,179615.43483033177
2598,275052.2809880366
2599,323471.72757644276
2600,142532.34542705156
2601,134927.36096476365
2602,81057.41682407999
2603,95292.08014539287
2604,83956.0510795279
2605,79551.194826654
2606,152886.00324213505
2607,197396.39780018124
2608,196753.31876665252
2609,168499.46850297065
2610,106519.49597356174
2611,123516.1421820083
2612,156917.51226291992
2613,133436.1480601746
2614,126529.86521368746
2615,150612.79501477224
2616,144758.23584507595
2617,172770.56717237234
2618,206369.39249130664
2619,195501.35244391198
2620,179447.4141509363
2621,177510.32920088762
2622,176668.11437400276
2623,240424.48794569168
2624,281362.7144692629
2625,273647.60236721096
2626,168213.13198690806
2627,162791.0153160623
2628,507438.73059625574
2629,538485.3720368721
2630,403347.97807694995
2631,459934.86753268464
2632,440637.09619939944
2633,315234.36850665853
2634,422999.36946997285
2635,150611.99150929638
2636,173251.34384208042
2637,173213.46406652252
2638,262735.0733460019
2639,192887.52843786494
2640,148101.36180431134
2641,102904.70888879726
2642,184023.1525191778
2643,103615.96786752823
2644,123745.69042996688
2645,109962.20572466894
2646,97504.70691083849
2647,103717.07976565744
2648,142447.35760548033
2649,152897.47940016925
2650,132694.38352873304
2651,141225.3390480747
2652,396484.7540500724
2653,261526.5994420311
2654,264505.2636116019
2655,391736.6632205076
2656,342551.0471536772
2657,335061.5869224996
2658,304578.0065536643
2659,309172.7494523912
2660,357125.52620976657
2661,360371.75987600215
2662,372606.5247726854
2663,282156.2366128972
2664,275406.07581253606
2665,330738.1764874258
2666,293872.3611224707
2667,170999.8412889805
2668,181059.44892920656
2669,180312.8428939926
2670,278376.7604892081
2671,187149.74686386427
2672,194049.95702528738
2673,197275.67406591447
2674,194382.2659615698
2675,170389.1238740801
2676,194326.6348992302
2677,190813.87927644368
2678,235696.8475512614
2679,286268.1747495074
2680,289004.23375092004
2681,393997.71888486895
2682,327153.54555531987
2683,504875.9631437889
2684,323748.4270541943
2685,319792.4065288736
2686,249300.53703925264
2687,303124.6680370942
2688,212689.19572058486
2689,207090.02016344052
2690,392319.21201630216
2691,190203.7172958678
2692,137523.38571211227
2693,201233.02192827704
2694,134023.66563816625
2695,193468.14434171916
2696,186246.80462765
2697,180338.87113856548
2698,185029.40467506024
2699,174001.4302518026
2700,160625.35739990618
2701,152889.35763088556
2702,110106.24857879676
2703,119353.69474510671
2704,146624.84016399703
2705,116981.28643505489
2706,112794.7201835426
2707,122653.2528311087
2708,133927.85719332597
2709,101180.9400701216
2710,125282.30724569978
2711,279801.8164645155
2712,389350.905266317
2713,171207.98375155174
2714,152080.01547301435
2715,167892.29157953002
2716,143892.29386876142
2717,192411.15499950005
2718,218248.8054120944
2719,156035.81496343075
2720,167207.58084066902
2721,134435.41659202278
2722,156569.36084907022
2723,143986.95353958965
2724,127763.62183285628
2725,132384.57117815892
2726,149960.93972641573
2727,180965.84198208587
2728,176488.24843263012
2729,146463.4627259475
2730,143352.08995002133
2731,124840.99873198965
2732,138058.5252041857
2733,158395.0225356889
2734,149902.99022811287
2735,135878.2049604669
2736,143808.99832164843
2737,125346.170007974
2738,132438.16941038918
2739,156903.44682710012
2740,136862.29182095843
2741,144200.16568942723
2742,155571.11355353214
2743,148258.42646566549
2744,158206.5816132727
2745,142867.51338656567
2746,142378.5951354855
2747,156921.09121517226
2748,128096.3049083951
2749,126688.07049805962
2750,134265.44802101547
2751,135706.36307768105
2752,202733.18363408203
2753,150595.26182669474
2754,210794.15720919083
2755,130855.75174932115
2756,98768.74279468472
2757,67469.10911666439
2758,91040.07291869672
2759,169853.46509212066
2760,120596.42582672332
2761,142381.0684283192
2762,144158.51262206738
2763,175527.93332531487
2764,156022.2819170049
2765,273983.3707942584
2766,141395.13889143604
2767,90371.2150132323
2768,126332.99230148962
2769,129198.12072650825
2770,137437.29706492982
2771,109014.46910091826
2772,106705.40115391467
2773,172447.08388462136
2774,139946.29178980217
2775,108211.2201304024
2776,146541.10929468664
2777,148082.6973185958
2778,102606.00737575318
2779,122222.73389420263
2780,92797.43915174353
2781,93069.92165355415
2782,102105.45236899638
2783,95960.49115368944
2784,119890.95294838656
2785,139324.04573097595
2786,66892.00224458863
2787,118690.41079640106
2788,70495.2722964267
2789,156228.82455195874
2790,99971.11978237805
2791,113289.43096553284
2792,48133.087364267354
2793,167400.14906871915
2794,100967.21753220978
2795,125100.35700866616
2796,96182.72105736514
2797,196262.79911978927
2798,100345.17484063984
2799,108826.09565038624
2800,69637.6873569321
2801,103822.2825483114
2802,131039.88499369452
2803,161338.042718019
2804,135748.68157688074
2805,97970.75764756529
2806,82990.28707160318
2807,163160.61497004164
2808,152958.88693340943
2809,132965.40166514457
2810,131610.50475508868
2811,156402.9483780734
2812,153090.20560220318
2813,145376.05547650572
2814,150549.89589173556
2815,90323.10863898661
2816,227955.64486629344
2817,162493.66315521617
2818,136872.03587957463
2819,177566.21985510655
2820,141162.2627053612
2821,105211.98197285537
2822,191190.33523907448
2823,298519.9002005463
2824,167548.18746124237
2825,142665.48429344207
2826,135600.13720784156
2827,134657.22210957544
2828,213266.83004589798
2829,209067.68795211602
2830,215526.00896085668
2831,181363.2898652114
2832,237944.5775582307
2833,296717.3439648574
2834,220291.37835233004
2835,220093.07356244334
2836,196861.65152645227
2837,164697.85182537764
2838,149029.470742048
2839,180521.95655135156
2840,197986.74650027827
2841,202882.07992723043
2842,232456.6380659899
2843,146836.9988172493
2844,163923.38722918372
2845,122807.79534680904
2846,208730.41387226735
2847,202554.88886924938
2848,217747.8373494601
2849,197171.09478632608
2850,277457.5056302726
2851,209148.68250524483
2852,239075.1543618853
2853,245242.76487839033
2854,140613.55937881494
2855,202225.14943932067
2856,200147.1017909337
2857,191291.5792542716
2858,199369.61395062308
2859,126946.91559210251
2860,133878.02459585448
2861,125633.50159949611
2862,195322.22218716287
2863,130564.4120240175
2864,250181.4447515963
2865,142387.76637479663
2866,140383.25450714014
2867,97801.9093997761
2868,100843.63445377159
2869,96650.43796425372
2870,131453.60271613116
2871,89341.66783142238
2872,57857.49791244832
2873,95938.47828482265
2874,129040.0013395993
2875,114304.72225288015
2876,165200.98214802975
2877,143032.1919995497
2878,166280.2338510853
2879,140212.78103861967
2880,98992.44620144255
2881,147680.7990116445
2882,176918.5314515859
2883,201730.6582862473
2884,202062.11107515407
2885,187451.97169658187
2886,231684.61033571846
2887,92478.72759994195
2888,139190.17520075425
2889,59453.24412854467
2890,78854.69881698834
2891,141824.50867136102
2892,39364.89933982171
2893,64999.118044353025
2894,51196.77300826762
2895,328858.0224145307
2896,278154.58592771896
2897,201433.96076539197
2898,145688.4125792874
2899,206888.41082597442
2900,160040.07094787748
2901,205553.37366404716
2902,176340.3731879378
2903,328379.92846986407
2904,350183.6786187794
2905,83922.35600367087
2906,202581.10190873875
2907,112481.96425788182
2908,134392.5987008455
2909,152408.75972343504
2910,77893.41251507377
2911,80421.09880813633
2912,149957.07249741637
2913,78268.01642362593
2914,76525.05998334706
2915,81257.4550229895
2916,81240.78835315288
2917,162381.42710542434
2918,119991.06703852295
2919,222771.1004705946
