Id,SalePrice
1461,120915.68611156294
1462,150962.79764061244
1463,184641.48048283556
1464,193319.30262254344
1465,200209.9030383744
1466,171913.61843101302
1467,172942.27652348293
1468,161853.29170293387
1469,187699.2151103922
1470,122335.85715416979
1471,186846.8566583812
1472,97030.50612595108
1473,97092.13334075738
1474,143774.3624475058
1475,110533.68098622104
1476,363048.25658003124
1477,257111.67821145314
1478,293193.841589479
1479,291041.44263122155
1480,462097.8602542608
1481,329651.04001981614
1482,214707.75988094666
1483,181200.7325509639
1484,169024.54414270373
1485,190239.0540591519
1486,192016.0134018964
1487,339749.8314234303
1488,229032.3535681664
1489,202590.1653123046
1490,238153.18124363228
1491,197146.66028010784
1492,90120.81528603968
1493,182902.06917531136
1494,300537.6210512228
1495,287943.0244138213
1496,236212.2113492478
1497,178110.11338517736
1498,176183.20997468845
1499,160964.13572204037
1500,152848.63098132092
1501,177564.9731836079
1502,142904.8359286766
1503,279431.29582260386
1504,243717.36251963172
1505,226404.80446942223
1506,183975.24366864597
1507,246695.78192781008
1508,212091.8982258622
1509,159298.3631309384
1510,145971.57840890836
1511,156924.477133144
1512,170613.60980215203
1513,142135.23196874998
1514,154551.01387135807
1515,190657.46689348246
1516,152453.325124227
1517,166157.05530801692
1518,130581.14083060215
1519,215534.9571777183
1520,129991.75154056717
1521,133010.75823971233
1522,172582.5109128496
1523,113421.28713617568
1524,123135.59960564409
1525,122928.72932262896
1526,115508.23119317435
1527,107323.13627122217
1528,129667.75230739455
1529,150694.08030564262
1530,183381.92226409854
1531,114388.8180892995
1532,94730.65222203491
1533,149860.46672128295
1534,115697.43482242274
1535,151729.12046713723
1536,106441.25582345866
1537,67085.6045069111
1538,156256.38046751678
1539,203521.7808560674
1540,92563.96387630313
1541,143736.7858851611
1542,141456.99103818476
1543,195883.02047303095
1544,85402.87413246544
1545,113997.08985386306
1546,138861.76788218113
1547,134623.55685038966
1548,136885.71651558604
1549,121883.4004433487
1550,141507.1962560495
1551,103616.99566901139
1552,136299.33967577154
1553,141028.5812073309
1554,114735.12898589474
1555,166791.64267297307
1556,85394.03207217106
1557,105812.50134746479
1558,97255.71722748531
1559,65341.01904164543
1560,139041.89732141345
1561,126926.62761185142
1562,131988.3703843836
1563,121772.04212670302
1564,160532.04985146425
1565,151676.63023355248
1566,243863.73639912417
1567,73995.12125662764
1568,234914.35445360962
1569,136334.14381716866
1570,138528.18688582897
1571,119808.12340861937
1572,144370.57918027436
1573,249433.81372192653
1574,123471.15000922247
1575,232881.98468184436
1576,252685.6753479961
1577,190229.74648609868
1578,141038.12531969798
1579,146758.86050613213
1580,193301.63548092134
1581,156656.33818078504
1582,126380.97837715059
1583,295488.44179111684
1584,219686.40768204856
1585,141532.19937630734
1586,70271.226108656
1587,106298.3108357086
1588,150224.03975674504
1589,95460.21806671878
1590,129605.83079143465
1591,91964.40677104903
1592,109648.02145562909
1593,123160.48060622235
1594,117927.9267222366
1595,113918.1018323074
1596,226799.0024846307
1597,193415.67395403303
1598,226552.18979924193
1599,175032.22880231318
1600,173068.1654059732
1601,66758.85736703817
1602,117683.87907683042
1603,70023.74636220065
1604,268166.994814733
1605,239278.74128976587
1606,162027.19717577915
1607,181158.0067170156
1608,219729.67586517794
1609,184902.8682146704
1610,149368.33344317187
1611,139926.24318678002
1612,174743.24990869634
1613,165695.2536136932
1614,120966.53590843391
1615,87639.16382171816
1616,74354.61792216916
1617,89280.92197909114
1618,130444.58352569384
1619,140184.29898319798
1620,163893.64255334807
1621,135042.02616961146
1622,143901.02584072307
1623,264821.1449782336
1624,218791.37973962928
1625,116915.09083862604
1626,166568.8222560378
1627,188429.21186312695
1628,277646.30474844045
1629,178048.12327974843
1630,339761.3614444199
1631,226598.6598561687
1632,241691.59164874087
1633,172886.77256269215
1634,186544.4208981711
1635,174907.66850382733
1636,150736.23688315644
1637,204951.2312046508
1638,190403.3283424699
1639,181571.1645826315
1640,250161.5102881246
1641,178888.66312555037
1642,236040.18379014335
1643,225284.02158649746
1644,234312.66566351795
1645,201229.04498266734
1646,159446.92326057464
1647,155302.92578665089
1648,130363.75858670447
1649,139730.1021799993
1650,110931.78848433377
1651,120650.790198258
1652,99521.8736929852
1653,100564.56085878609
1654,144278.99852228165
1655,136557.25449848958
1656,139983.85756319622
1657,148266.98592961926
1658,148543.7172708586
1659,117768.00045434643
1660,159517.26148903478
1661,453511.2764887345
1662,380173.1714628193
1663,382735.75411648734
1664,459309.41451479844
1665,301231.2429844123
1666,323689.5393503224
1667,377658.64080712525
1668,338032.6769210158
1669,303230.68100883154
1670,351418.1081181219
1671,267365.60539535136
1672,399286.0601746939
1673,304029.9763177141
1674,239892.4144142203
1675,200194.7484796367
1676,200536.68278528345
1677,224089.02867346228
1678,444767.1539527747
1679,370875.6943506017
1680,321024.12922081386
1681,248547.45390995048
1682,317474.045017104
1683,178882.93638185083
1684,175515.58240113017
1685,173410.22757906976
1686,171313.98084435402
1687,169021.71601854757
1688,188489.11465555287
1689,192180.7301322569
1690,197316.102916014
1691,182747.77350755013
1692,256699.11193977366
1693,171558.2893471076
1694,178597.99769415898
1695,163686.73460423198
1696,271861.1165266705
1697,166404.87383840547
1698,347919.6659233323
1699,318222.33790617035
1700,261074.7648378156
1701,283726.01319831813
1702,252169.65223115022
1703,250734.02480403488
1704,281350.51645319065
1705,246879.21001090016
1706,404819.4146355659
1707,213873.24762225754
1708,205800.85779600122
1709,283290.03129943437
1710,231795.19378286792
1711,281126.74065597
1712,271644.2929796423
1713,265941.89298575855
1714,218539.0630619282
1715,209594.8096024529
1716,183401.19276852134
1717,177752.4245658861
1718,132486.90198598398
1719,207079.95565225367
1720,236008.3447873845
1721,164004.8444475147
1722,122727.73352444168
1723,155905.6398457893
1724,213169.2565397729
1725,236585.75861494738
1726,188634.55938122878
1727,158267.22747949327
1728,169565.2335598852
1729,164772.3454633678
1730,150725.18361933055
1731,123993.54258390811
1732,127637.25000887198
1733,115879.29757245397
1734,128845.45000528466
1735,130436.42209268632
1736,113233.55232815216
1737,307611.33454435674
1738,244334.18544042495
1739,237515.5123704319
1740,217712.47527558784
1741,199768.01879841706
1742,175121.66745961996
1743,180920.27015451368
1744,313507.2986707356
1745,216739.09178695816
1746,179203.63819674717
1747,221216.94466253681
1748,221568.1225130434
1749,145929.58907178565
1750,125111.72292812624
1751,250943.32968223898
1752,118705.35353254784
1753,146865.0066467518
1754,192934.5898713976
1755,166510.8293853064
1756,125813.30882223106
1757,122199.32804330913
1758,146075.82492180253
1759,158569.33109115815
1760,166909.18850368206
1761,142742.09249833782
1762,176935.20055319907
1763,173671.45363978218
1764,119190.46655199597
1765,175958.38836236458
1766,181636.07322133856
1767,220707.25686826583
1768,143557.90833902336
1769,166176.3927004839
1770,154488.42591877768
1771,126350.399575959
1772,132808.1863827043
1773,126050.20251386995
1774,144098.18985339202
1775,140519.94456790484
1776,128749.84409600972
1777,104921.98279448034
1778,144308.48593501988
1779,125563.92927744787
1780,171706.9881969601
1781,129866.6462733563
1782,92538.57042769688
1783,145589.43213593695
1784,109195.29132154204
1785,119482.35854013398
1786,138826.89430608382
1787,165424.81020193134
1788,62169.79947573912
1789,100964.15766961631
1790,84864.76186959686
1791,176250.44212216337
1792,152810.84949396155
1793,128138.42013277816
1794,153788.13305371278
1795,133119.45204725568
1796,122442.34409519019
1797,112943.37606297509
1798,123830.76473187031
1799,114177.36155406012
1800,132492.51836294177
1801,127317.76742517951
1802,129220.71149162659
1803,144499.41816771726
1804,141349.78201823443
1805,135635.3755516209
1806,122219.49455214088
1807,134249.7383758802
1808,121077.52748432559
1809,122845.60182738403
1810,143888.71095866716
1811,87838.76165356718
1812,98014.96594659555
1813,123098.24288088526
1814,93448.1534681046
1815,56759.40050120794
1816,99815.54947761397
1817,116251.89912251881
1818,146626.7843085822
1819,126071.15588882935
1820,53405.043686098004
1821,109715.49579009798
1822,153101.2101610505
1823,44123.00963269852
1824,127426.40098079432
1825,140198.07013594906
1826,111232.55936814751
1827,101990.47486109377
1828,142847.02007353673
1829,121792.4111110799
1830,146148.51421785876
1831,142344.39107845505
1832,78094.86027403909
1833,136029.4476534461
1834,123785.31798173806
1835,123971.63384375692
1836,123972.67625839636
1837,89805.31519389125
1838,125867.75024162626
1839,94875.61361720577
1840,150796.50518891957
1841,139204.2287270803
1842,88599.86515933978
1843,133762.55267733205
1844,141470.85010267276
1845,146781.05291140935
1846,158323.6970002866
1847,167606.9268250946
1848,56727.100416980866
1849,102614.66549892932
1850,120229.33671092145
1851,156256.38298123988
1852,133118.25279784447
1853,130823.99606519818
1854,163134.08987478336
1855,150190.86931809637
1856,228812.02930924768
1857,139195.371217418
1858,134411.32889692773
1859,118473.06271487662
1860,150523.14117236776
1861,119088.64504604388
1862,309216.3446582043
1863,285085.2715588247
1864,283590.29898099956
1865,341749.68765632395
1866,321926.31471731956
1867,229951.21977752936
1868,299933.07679578173
1869,204264.9621760088
1870,236407.36138980606
1871,251750.39492339685
1872,177169.13308737118
1873,243112.6123289533
1874,145398.83248411
1875,196940.73993116783
1876,196164.29374078478
1877,209861.81403126303
1878,206655.63413512832
1879,131896.90947106385
1880,131021.80165201797
1881,247802.03505884882
1882,249729.52621355478
1883,183509.61981847874
1884,198951.24307108618
1885,232865.23543934248
1886,286694.5531830102
1887,206054.00666131373
1888,276704.09638882393
1889,167769.20970338
1890,125835.17616785872
1891,128028.39094595368
1892,99202.91910240064
1893,132941.96291913794
1894,122381.67252381118
1895,139747.44029930132
1896,126453.81218465892
1897,115730.64583299561
1898,115179.28932984245
1899,157756.5434281745
1900,154979.00901334343
1901,170275.6628117776
1902,149183.57505007126
1903,216706.96160496504
1904,144878.87587736658
1905,197814.69630319183
1906,161281.60635946126
1907,220868.96900149054
1908,106260.49405093589
1909,132261.42827163445
1910,118271.93099732367
1911,223710.00793785646
1912,323694.59760318644
1913,143991.6982264077
1914,54461.74605856962
1915,307178.032187802
1916,73477.48978780126
1917,249719.5478976675
1918,139899.9745427588
1919,171938.55135572117
1920,155188.87167508286
1921,378062.15089960676
1922,312065.6677385646
1923,230689.0748382469
1924,230452.490917225
1925,197989.89012938796
1926,374434.0196191755
1927,134688.44601219427
1928,154610.54232572802
1929,128856.74884021441
1930,133290.99279489333
1931,142009.303881816
1932,134409.42725060374
1933,189274.83263964934
1934,179607.37433986182
1935,168590.54848735585
1936,190243.2114997054
1937,183486.93966208462
1938,170692.24914075682
1939,247104.29783791414
1940,193917.9376301599
1941,170721.89157458386
1942,176713.82031009902
1943,222859.68294651125
1944,371155.2298455523
1945,382210.1322331415
1946,134888.41628442451
1947,309031.8422106432
1948,171539.38397236427
1949,244286.7177752627
1950,183457.9656872613
1951,250643.24417383256
1952,209934.5367403758
1953,167955.00320805277
1954,186977.25144003588
1955,135765.8782037308
1956,306008.0686416226
1957,150543.7510067753
1958,286647.33474591986
1959,143804.47151794386
1960,114394.94324467493
1961,120803.57416138142
1962,100738.55679077604
1963,106362.15229591096
1964,106698.46789073604
1965,140345.92797014985
1966,133436.03993358242
1967,301846.2124978251
1968,406720.11308033497
1969,374602.23686378123
1970,423984.8861142963
1971,468289.6372423075
1972,374938.8775124519
1973,278708.6547721396
1974,319372.91861079773
1975,520392.6658637006
1976,271891.93237809883
1977,356604.75787420827
1978,350947.40997761115
1979,325639.0255885723
1980,210616.08682560778
1981,335837.40894112556
1982,223107.15135971375
1983,210408.9021082047
1984,168994.2724292563
1985,223529.60485974536
1986,210820.9189483465
1987,182649.2705875565
1988,176496.3224551379
1989,188681.87278436762
1990,206640.6393152169
1991,232941.3193946497
1992,214368.49271758416
1993,165792.58671222467
1994,226013.63452305633
1995,182523.9549107837
1996,260994.29393203778
1997,308721.3956063695
1998,316693.90686351474
1999,275553.13552775496
2000,319593.3895406756
2001,286423.50270748994
2002,241795.7091917336
2003,267329.60659911355
2004,296904.52673922764
2005,222303.4747989557
2006,222105.47035189337
2007,260081.2352348018
2008,224762.56631201427
2009,195063.3140581691
2010,196223.08981620436
2011,138490.88430408467
2012,176214.80809399864
2013,180506.4965493379
2014,187776.54190739515
2015,211029.49637747914
2016,193503.77509332672
2017,196139.47927765036
2018,121935.1332998927
2019,137033.5452966662
2020,102876.35706334247
2021,104794.89082455964
2022,191920.28599265998
2023,143771.58926595238
2024,273550.33376795787
2025,363067.955508933
2026,177623.5754098289
2027,157592.1240153745
2028,150328.13976574066
2029,162017.995804519
2030,262678.9215445045
2031,229834.82237675367
2032,239805.23040012023
2033,249870.29392045474
2034,169379.13841024504
2035,220689.3489578251
2036,196948.42375537776
2037,212599.31256037686
2038,308259.81070762116
2039,233923.00091423563
2040,295766.6062360904
2041,293120.0131861576
2042,206128.74641915062
2043,173366.9596741721
2044,164774.28526710442
2045,209608.91645438975
2046,152050.67219335967
2047,142863.6549507655
2048,139592.8756310308
2049,138233.89535495496
2050,174452.61718388312
2051,105079.15929956156
2052,123560.50621820451
2053,149002.49141583248
2054,96681.67851230333
2055,158666.58969519232
2056,147482.0716989141
2057,113697.96413313101
2058,219640.23714254727
2059,134034.04791411982
2060,173711.29903340104
2061,168757.79211015432
2062,132476.94825972765
2063,122447.34282060651
2064,138293.86711650604
2065,122804.09283008668
2066,164323.8517948334
2067,111632.34115086787
2068,145679.65576299597
2069,85873.25936544129
2070,113768.47001052514
2071,95084.34256937851
2072,139797.42171152745
2073,133555.84488556162
2074,181057.38291802144
2075,148621.90099748317
2076,115686.9723698951
2077,158689.1057829866
2078,126603.04124960864
2079,129448.17596161796
2080,115921.83693781642
2081,124061.88348767749
2082,118639.2070846099
2083,147322.29680080494
2084,112714.85851686914
2085,118883.82688325409
2086,110381.61761046945
2087,118784.13012657555
2088,93330.4478069289
2089,76311.20884835912
2090,128503.10805720056
2091,121570.68942075217
2092,121760.17054157631
2093,113612.02945492965
2094,105589.39124143495
2095,153760.7786956295
2096,85661.14486727341
2097,97962.35451476063
2098,147551.67589841897
2099,56597.95620372175
2100,79361.61461780185
2101,110809.67140902052
2102,119892.23331491422
2103,103206.94253858265
2104,140479.09101649266
2105,124043.62675546845
2106,70275.89692709633
2107,197369.36000840104
2108,118168.37508173466
2109,113054.40009954813
2110,125471.09611397021
2111,138307.403759746
2112,144587.2367253578
2113,122734.18431498966
2114,119181.1862024244
2115,163134.6008653504
2116,118135.94479394771
2117,150820.72730742875
2118,129425.83510799508
2119,114947.63981161012
2120,112104.55054221944
2121,101096.56884056314
2122,119180.32141745441
2123,79512.05102805172
2124,160416.00035980623
2125,129445.408639374
2126,155294.03219200388
2127,166603.47653791064
2128,130188.207815774
2129,89716.44155696848
2130,139777.67531150207
2131,140032.54706510904
2132,116396.95396069676
2133,118489.98839623366
2134,123810.62251836127
2135,98139.67639197779
2136,79024.19237346998
2137,109997.73950545398
2138,133288.7490377071
2139,145823.03368942582
2140,145728.82828652518
2141,157842.58185613152
2142,132990.5331016522
2143,144161.97535582684
2144,120846.50643855301
2145,141972.57042752908
2146,173801.63291198632
2147,130755.94402820819
2148,139480.71267509097
2149,157882.0971651915
2150,235314.99889893355
2151,116050.72594357544
2152,159696.84245981355
2153,163904.91971721523
2154,102488.08726962324
2155,139165.11954604683
2156,259263.10968898135
2157,225351.68637896577
2158,240700.87086846746
2159,220584.78486197325
2160,179748.38998243067
2161,239753.38648235603
2162,390574.18179757847
2163,352710.17934115767
2164,253906.00074145946
2165,197538.49925939253
2166,152160.4370251462
2167,217494.1529851436
2168,198098.38439337703
2169,196288.8518376361
2170,215645.2701911506
2171,152985.63591054452
2172,131453.03447444536
2173,165368.97305645718
2174,226902.72331983622
2175,289823.50264299044
2176,302887.5757462809
2177,237187.58719536976
2178,212514.70743547118
2179,139740.9813975614
2180,203238.56763745577
2181,189964.87111120878
2182,227577.26155858874
2183,192010.32901339687
2184,121015.73618546495
2185,127286.3341546573
2186,137829.20749153197
2187,150151.91503517842
2188,155271.86943801484
2189,244381.9084747875
2190,82823.90169704154
2191,84336.41747152849
2192,88900.32668301043
2193,107156.61789498788
2194,104230.86508450194
2195,114572.97629847762
2196,104691.62429640637
2197,111350.56714541187
2198,154974.89339104455
2199,187139.30508364947
2200,152281.7510543431
2201,142792.6780332987
2202,212744.49962696183
2203,142622.65853444743
2204,176394.20304276663
2205,118443.97831479013
2206,142714.86292609334
2207,226220.47727689872
2208,271612.35894441744
2209,239138.44266550563
2210,115608.48804490939
2211,112728.2130245159
2212,114531.83027160693
2213,106985.35748878108
2214,128660.87697407926
2215,103094.56555482648
2216,153575.18780766035
2217,65898.88444188208
2218,70933.05829843249
2219,64388.17908257657
2220,61259.282411090826
2221,308583.79044447234
2222,275237.70700438955
2223,288574.11043998954
2224,202806.7900204971
2225,120739.09817748843
2226,180602.31730014508
2227,195710.70751911477
2228,270804.9818316152
2229,263268.31127632374
2230,150313.72750522662
2231,216682.57024425844
2232,174370.70553297066
2233,185687.3941705947
2234,244912.87719223902
2235,211852.84682739928
2236,258467.8803669794
2237,310722.25967925665
2238,200167.81681305025
2239,109761.74872393715
2240,153705.97789913
2241,163397.3781105365
2242,121991.39475060198
2243,126652.87087533383
2244,107377.01447917132
2245,102379.60135004755
2246,144203.17956690333
2247,110275.66104782096
2248,122851.84645029917
2249,119789.87674163259
2250,128894.63987702111
2251,121784.31918598757
2252,176762.9565362086
2253,153671.76575102672
2254,177561.5589178087
2255,184243.23572072707
2256,175017.26226294492
2257,202402.92046747103
2258,157517.59381121944
2259,172709.20950694018
2260,154738.05351679728
2261,200342.02752388612
2262,219065.66015123096
2263,384234.0899022314
2264,507216.6207395568
2265,165607.48049673362
2266,299678.5817517559
2267,377233.82861949207
2268,430613.68595565634
2269,147700.24796309654
2270,200456.47920640468
2271,209087.13345154747
2272,203066.12435179553
2273,160979.4003029492
2274,178174.79790093206
2275,166113.8569538412
2276,190893.44777501078
2277,181744.39967433593
2278,144096.42267134314
2279,125828.39169361207
2280,119302.27026589579
2281,165707.3678206347
2282,182247.55835104364
2283,108515.19409136641
2284,111857.73627004384
2285,138172.86500609535
2286,122612.19461167087
2287,366826.14763291413
2288,281918.28277539316
2289,365678.56407145446
2290,449085.720788514
2291,335087.4450188153
2292,422190.8635532853
2293,457954.6266007167
2294,394212.25462809217
2295,456913.008714157
2296,287199.880415384
2297,335762.57273793826
2298,333228.65426391386
2299,351634.8867540536
2300,335355.52696500724
2301,320659.3235734332
2302,246237.68567141233
2303,240579.01883201796
2304,252651.900805043
2305,200454.3058565846
2306,194300.45995066944
2307,198082.61795492226
2308,234030.34215337274
2309,273613.8717186605
2310,217242.29662190456
2311,195675.21968020723
2312,178477.042015346
2313,171423.12516731344
2314,178461.20179147684
2315,178015.46483987046
2316,187388.4049461154
2317,186465.8608753186
2318,180843.4324853371
2319,174652.4544756491
2320,176118.95390091758
2321,237967.61887306263
2322,178959.46426022367
2323,195833.90038551614
2324,180659.64652459987
2325,212879.53259030424
2326,175197.56827864857
2327,195999.55847139208
2328,217236.21010946514
2329,188948.48321636472
2330,176729.34346262575
2331,352932.1721501134
2332,386546.2336708269
2333,317526.0286358494
2334,251506.98002497162
2335,284732.2730791529
2336,307912.54823178827
2337,192625.01809854608
2338,269504.20263641817
2339,221933.89237246104
2340,386529.1384375157
2341,211945.6505421334
2342,231172.00938252363
2343,230274.42045949624
2344,209277.92158091973
2345,231620.71570481715
2346,213417.26743215628
2347,198509.47673675037
2348,242207.2958170146
2349,181490.82855727844
2350,308962.4106333947
2351,254396.77755798146
2352,262727.01330461155
2353,243895.56930831668
2354,135819.43699813363
2355,139158.99367529046
2356,153973.8754596963
2357,188704.7384104092
2358,197079.1145806529
2359,130155.53956359327
2360,117532.16449740574
2361,145581.35721939045
2362,277813.091708438
2363,132720.24966193252
2364,159548.9223955903
2365,216807.02428065139
2366,196632.4237018353
2367,220192.12189995914
2368,212085.48437928298
2369,209083.98668136008
2370,166176.05934029713
2371,164816.29232481614
2372,190417.63268866864
2373,280936.0550779903
2374,316376.39730649604
2375,246955.11336169665
2376,279085.91154081724
2377,343425.7199099817
2378,144848.08168648864
2379,192701.0876543338
2380,149208.96738566007
2381,165209.88129518018
2382,209629.85909940756
2383,199521.00533554226
2384,244495.43536860764
2385,162605.9844928389
2386,133854.71586739225
2387,138215.4568632267
2388,104615.13799369652
2389,127525.19792223144
2390,151123.65258568464
2391,145757.4107850917
2392,118601.10219709683
2393,170926.28319880948
2394,139244.76600161212
2395,202661.1682296952
2396,141470.69700624407
2397,219081.71395760402
2398,129300.1974152114
2399,70586.79905431939
2400,67226.78189086905
2401,119471.21755658425
2402,136758.0311400403
2403,145222.66205565495
2404,153123.05006052682
2405,155949.3440460052
2406,140361.40035647855
2407,119672.38332494635
2408,147712.24593176498
2409,121997.55996395429
2410,163902.64931874894
2411,118126.87452104247
2412,155041.1617546039
2413,133150.4877835043
2414,148579.12105773352
2415,133794.06806305205
2416,126845.74578376117
2417,134186.88648560792
2418,130635.91064535314
2419,125025.49209769361
2420,124987.73595670023
2421,149151.95167359413
2422,113566.67283718163
2423,113076.60986830303
2424,152832.1434150779
2425,201327.8053434615
2426,129914.18147613657
2427,137434.66914315958
2428,177129.44858645095
2429,114125.19098924537
2430,131195.82196210907
2431,105846.42555713793
2432,148171.87364533741
2433,146501.15761050125
2434,138404.7489520546
2435,148083.73841392383
2436,110101.07303849068
2437,108886.88922411845
2438,123744.47925062096
2439,105291.96677662295
2440,121882.33499350853
2441,86241.12774900695
2442,96184.37552787834
2443,128378.09217285557
2444,137824.616655584
2445,88756.4354859494
2446,135018.69813237886
2447,182872.718757786
2448,132901.20383449743
2449,113029.1733111505
2450,152258.93802544978
2451,124531.11657636365
2452,201887.97524213552
2453,94090.82439026854
2454,123223.2044917719
2455,118937.09020202488
2456,137992.23344390703
2457,137761.73344971292
2458,133287.20335135135
2459,111721.8578026923
2460,140170.28802027716
2461,127602.1553412496
2462,135315.8087470818
2463,126985.75721409672
2464,171488.12611024943
2465,143406.35914055395
2466,115183.8045526413
2467,126578.95780067402
2468,82438.86270345023
2469,81779.73626686975
2470,196242.4425211489
2471,205449.56044686976
2472,163964.13306319338
2473,111183.52116792114
2474,87174.52870361131
2475,220069.1523854446
2476,110582.98627358652
2477,130409.49313317942
2478,149507.52128990763
2479,105489.49772298938
2480,153168.27108517106
2481,128938.28758591553
2482,123246.38474878029
2483,117180.04994571961
2484,125660.10505453926
2485,125694.08424354653
2486,153506.14301451095
2487,174441.1740972196
2488,160554.3638866128
2489,152315.16681971104
2490,144590.24612367325
2491,90678.26299396783
2492,199056.0027296706
2493,159401.93103015228
2494,149227.14197482346
2495,88024.56788386917
2496,243790.02125325735
2497,150867.0522590636
2498,112893.28944378455
2499,81716.21181857247
2500,125110.40329252611
2501,132323.0201504029
2502,144019.4621057891
2503,97017.81528158455
2504,174650.3753564249
2505,229509.45063245867
2506,254830.73687932134
2507,280055.97196059016
2508,255215.53968497107
2509,216826.06681841396
2510,217966.3356817028
2511,174447.21454056798
2512,202289.7485731143
2513,222060.8243923394
2514,283464.2702093695
2515,152971.05759259823
2516,171162.6766630624
2517,146151.4230901058
2518,149882.68385102745
2519,233406.1102860192
2520,219605.68228287797
2521,187023.33652055642
2522,220541.9692638927
2523,121976.98344292982
2524,138115.6665282985
2525,140658.9227135697
2526,144606.45601955897
2527,121876.89522068384
2528,131573.48110456555
2529,138377.74762491876
2530,124084.44575466476
2531,250919.57230540944
2532,221960.99103500525
2533,190742.68724631003
2534,234825.17514625177
2535,297427.14096826705
2536,233693.85510510192
2537,245393.08062553543
2538,179949.74155676772
2539,187895.82761400496
2540,177732.31190950036
2541,179283.81987423726
2542,164162.6271721095
2543,120447.73887695523
2544,119668.86557199886
2545,135780.06112452285
2546,125907.73916947845
2547,135990.11471152699
2548,150111.19722573925
2549,157496.3529831346
2550,665625.7259826651
2551,140937.3450131783
2552,123618.47435399331
2553,75404.85187567699
2554,95079.06802467216
2555,112257.30047345997
2556,102467.26489742979
2557,104852.63170843547
2558,141753.29846609148
2559,140798.3027780813
2560,154759.16340241957
2561,145431.78150726302
2562,142410.29499764886
2563,151053.46104196762
2564,199527.8861802206
2565,140750.22403877717
2566,165216.79606472712
2567,134356.3168143676
2568,206265.72140855656
2569,231462.97947136944
2570,115424.69921414104
2571,190638.25341481104
2572,150825.39173929326
2573,235940.89649846178
2574,313237.69094065786
2575,134873.14846610668
2576,109417.62787542486
2577,151575.76097360073
2578,82127.40006273844
2579,68111.06752869088
2580,83172.44893013677
2581,96820.22573705055
2582,95759.54767889642
2583,293987.50063622074
2584,174915.06401621358
2585,189037.3245539074
2586,224529.83322351985
2587,192674.40525524595
2588,135299.0502082074
2589,145061.40497754843
2590,200404.709354218
2591,211990.2426633256
2592,206033.756925516
2593,254816.38935658504
2594,181449.72388509344
2595,197752.31729523794
2596,293771.8912986862
2597,182613.29110214303
2598,283156.3379989841
2599,323796.0409235543
2600,144437.16605773382
2601,138670.48596046248
2602,80041.22068046143
2603,97305.02020446886
2604,84298.3517807742
2605,77197.81374720408
2606,151666.5803202034
2607,190543.90006740158
2608,192931.32712800466
2609,171575.66146056366
2610,106205.27579553642
2611,125114.39397139933
2612,156353.41872415596
2613,132982.17426481715
2614,124998.62692410969
2615,149484.5353475363
2616,145527.47172315523
2617,172272.165064719
2618,199109.4955798055
2619,199206.95776744172
2620,182525.8206421078
2621,177646.82905383458
2622,178225.96612160816
2623,246369.92976122868
2624,300474.29891965445
2625,297709.4479851557
2626,173805.3309290264
2627,165086.9017966116
2628,476671.0452254137
2629,513017.88171205745
2630,382807.5739414375
2631,459904.10659163265
2632,421746.9503660372
2633,312166.0367622248
2634,416509.42625164706
2635,150324.1574355424
2636,168966.15439562165
2637,170741.31218012978
2638,260605.6785945757
2639,189006.10980550214
2640,148692.87963710912
2641,103078.57409882016
2642,184989.38578088957
2643,102440.07128779269
2644,125296.09986533018
2645,109528.99546032296
2646,97368.93534734291
2647,102973.82081750556
2648,146192.14650633236
2649,151988.9782400121
2650,130677.34985673656
2651,140942.2283121571
2652,408184.784783396
2653,256312.0723877137
2654,260473.20804328486
2655,393886.98885944486
2656,327550.75556631543
2657,344501.93797454593
2658,308630.198481408
2659,300612.4240065464
2660,358912.02929790854
2661,347436.12442985014
2662,358417.7984124869
2663,291298.88504906336
2664,267248.5746073254
2665,318625.9735080834
2666,285377.8117967251
2667,170619.29297853855
2668,176953.19857295137
2669,182990.7383768061
2670,274730.6896822411
2671,182287.7861961255
2672,193278.89464977267
2673,198617.65925853452
2674,195161.54120492088
2675,172693.14505608645
2676,192175.8782968913
2677,194120.76474137662
2678,238067.38930017248
2679,278730.00633366336
2680,286742.7271459685
2681,384478.2904480246
2682,326515.1154984428
2683,514141.9759041938
2684,320129.61101636966
2685,327256.2464774018
2686,259053.8725273269
2687,307936.14205070375
2688,216706.67993836346
2689,207235.43352747138
2690,406141.6937549004
2691,190931.09837255077
2692,139897.48211199467
2693,200385.88798189803
2694,131822.36135962183
2695,191203.73898373818
2696,183053.22377540937
2697,182543.51495554586
2698,192662.47359670594
2699,172447.30085074896
2700,159273.0568655793
2701,147573.96388491942
2702,108307.62765773336
2703,117891.75629834566
2704,145175.39514785825
2705,117538.22026076246
2706,111236.69590940641
2707,122012.49872897458
2708,134153.6335241116
2709,103896.39194153958
2710,126855.3724744969
2711,295701.98795879615
2712,394484.9017175117
2713,174132.63625752213
2714,148427.77933671273
2715,169796.29081596876
2716,140238.68549192906
2717,193187.08367311474
2718,221531.72920336688
2719,152316.20755535088
2720,171969.6795561524
2721,132378.52238830036
2722,158703.14670005543
2723,141921.3006768777
2724,126109.53878634982
2725,130482.31483170968
2726,150835.10354058343
2727,182532.39107740123
2728,176247.18719131852
2729,147304.4060518524
2730,145157.4938496124
2731,124176.00249260034
2732,134350.2889981209
2733,158924.23609156767
2734,147968.39646673034
2735,133850.6241708436
2736,143401.39167015336
2737,123583.54943100775
2738,135909.44886495033
2739,154495.68399988874
2740,134688.88557829062
2741,141790.1115691272
2742,153592.7640651669
2743,154540.5814142455
2744,164824.76789987873
2745,142229.03843602017
2746,140057.1011017693
2747,141930.05846000314
2748,121984.49363034996
2749,130645.64878436254
2750,134001.2855886555
2751,137151.81535584555
2752,193118.3337046488
2753,148034.06414553325
2754,210635.13983198284
2755,130303.17330839956
2756,100616.17449098323
2757,72092.7732559503
2758,86388.61905636564
2759,165465.97389854965
2760,122535.21908947617
2761,142750.53647646235
2762,143288.44281995238
2763,176570.20161862083
2764,154280.97070204024
2765,281168.13565832813
2766,141867.2880131833
2767,88066.3045005673
2768,128471.0906447575
2769,130086.03681251165
2770,133939.84643415513
2771,109258.54515307324
2772,109413.11310023908
2773,169497.6033236011
2774,144350.19828191385
2775,112483.51923084405
2776,145121.09853286017
2777,155296.95316540299
2778,101578.80012474542
2779,121620.01731969434
2780,94002.79605984397
2781,94693.84422704308
2782,99591.93669783848
2783,100804.45499397875
2784,121393.25884413555
2785,136984.41555989673
2786,63793.322103281556
2787,120155.61321573265
2788,73905.70044579139
2789,167370.81080858488
2790,95151.59706674132
2791,113448.28828040304
2792,57672.951381406856
2793,169719.09763305399
2794,95958.32302799093
2795,123055.45727612215
2796,98489.51607400119
2797,204702.73993081087
2798,104606.17023453274
2799,109396.31156790441
2800,72294.58579717274
2801,105469.79598320855
2802,130610.3146642216
2803,159496.79176719123
2804,128990.93304057179
2805,97807.9380644039
2806,83446.59554921651
2807,163254.09438819945
2808,150692.88869862328
2809,132834.98029172327
2810,128677.12213352478
2811,159963.64091819004
2812,155979.42969219427
2813,151850.43129947723
2814,154749.49310791792
2815,91489.2779323103
2816,220239.77376888113
2817,152619.00722759683
2818,132657.58529018378
2819,170959.78508639996
2820,138719.90476465717
2821,104870.87087069821
2822,195338.3588541195
2823,315977.0563174541
2824,175905.6337461266
2825,150742.31968833716
2826,135053.59284929236
2827,134553.17451745836
2828,213725.96264831183
2829,211461.36267695957
2830,225818.9509171061
2831,179974.81907417416
2832,245215.78774579635
2833,285956.9276299795
2834,218088.37684933463
2835,223455.5230785657
2836,190067.52077541556
2837,156948.9064742298
2838,150906.70705095463
2839,176328.4131777622
2840,197467.67398996654
2841,201929.99793674247
2842,233289.6019275132
2843,143767.74306273053
2844,164936.41759042046
2845,122813.8563685811
2846,206147.48522848487
2847,203854.47558472893
2848,217314.51575609588
2849,193795.65233156458
2850,278846.1213509252
2851,210701.0321886602
2852,235311.9473950015
2853,239825.99247934524
2854,141784.29058865015
2855,198906.9305916798
2856,195754.989106965
2857,185821.61443053628
2858,197434.52640374083
2859,121018.95334414387
2860,128098.99447924046
2861,125286.51531573384
2862,191000.47821278675
2863,129860.14720188832
2864,258678.8741375372
2865,141957.49284575795
2866,142797.93886576116
2867,96984.31296267483
2868,99536.21200196457
2869,100227.05535944804
2870,127758.75233667735
2871,84446.0683286428
2872,54059.5141988565
2873,95681.05620157388
2874,137213.52416960167
2875,113067.73727777899
2876,155782.2287538141
2877,144805.08911589452
2878,170088.98413441557
2879,139003.04030070445
2880,100547.78345732299
2881,141977.84753023845
2882,180303.31692273906
2883,210926.94807840147
2884,202471.5137300052
2885,191534.96197536652
2886,242402.10140598385
2887,97567.33298420845
2888,141762.78214662592
2889,59875.040895752696
2890,79420.39949250576
2891,140533.00251297725
2892,42581.49996707142
2893,66165.86399760978
2894,50821.25268461994
2895,332552.9454047955
2896,289856.55573298986
2897,202581.92733425848
2898,146773.49504513014
2899,206176.97404366758
2900,154729.5791006367
2901,200142.65868329763
2902,174127.14392939565
2903,327138.7474144617
2904,341361.89885886945
2905,86216.25071641993
2906,195877.71640056418
2907,107860.16376437293
2908,130151.95507893787
2909,152626.30178389637
2910,78796.09600648463
2911,79953.80754269553
2912,146772.89132344772
2913,78555.01906938679
2914,75426.43801754282
2915,80735.2943977504
2916,80086.52407358008
2917,167855.3803283467
2918,118492.9185179553
2919,218756.1058456162
