Id,SalePrice
1461,122274.45748878708
1462,152457.39993430793
1463,178999.47817856728
1464,188000.88491825652
1465,191931.88593326777
1466,173177.1662291537
1467,174229.2930452488
1468,162067.39697503182
1469,186252.87504220495
1470,122958.01588853888
1471,187055.96767172424
1472,97979.7954784688
1473,97367.22666554445
1474,141570.74176533538
1475,114050.04560014201
1476,349939.12931419257
1477,257039.96703722424
1478,301681.7372263466
1479,296295.1932875934
1480,470878.7505505006
1481,314119.1619600842
1482,213539.73793424392
1483,180696.4136348192
1484,165466.69738880036
1485,195086.34049415146
1486,194101.0560472317
1487,311459.84780341265
1488,228380.56332014405
1489,201485.63975532106
1490,221170.03928397756
1491,201380.27745417395
1492,89235.90029313245
1493,190374.5676625106
1494,298185.5375058979
1495,285600.9865136218
1496,234104.83092071864
1497,173589.1551709138
1498,176330.66604947395
1499,164267.93347486682
1500,157006.3888577559
1501,175736.645080247
1502,144844.50216902138
1503,280465.5758392988
1504,241427.82039251606
1505,224303.0798235082
1506,182615.3592540976
1507,240811.761165185
1508,207706.42064412814
1509,160209.0788538512
1510,146147.9709384711
1511,155174.33287475753
1512,169270.93422384595
1513,143879.11694074247
1514,153961.36665426532
1515,184362.30538956806
1516,154840.9686770717
1517,163798.61073794297
1518,126836.17739461247
1519,220036.49353792396
1520,127429.97691418996
1521,130344.40172542202
1522,167698.49035532447
1523,110906.03146671617
1524,122641.2969011758
1525,122692.20757989335
1526,115522.01019193341
1527,107890.87801966512
1528,128742.74874359035
1529,148407.33800585262
1530,175552.09808698102
1531,110516.71329222033
1532,91334.59830660599
1533,145379.2815324386
1534,122028.01912590048
1535,145508.75818843042
1536,104245.38756846603
1537,66890.5091066549
1538,150666.0017698381
1539,206014.16053182055
1540,99680.3220788901
1541,141642.8447964819
1542,140549.9974019816
1543,192802.30694423604
1544,83884.74212663276
1545,118790.52044520849
1546,146544.85394993622
1547,134393.41001294018
1548,136399.89957775545
1549,127694.76307020609
1550,142827.5372352106
1551,100544.99189256047
1552,141241.84364009206
1553,143470.26258758744
1554,114359.96735936136
1555,168834.33162633618
1556,86102.0495864897
1557,100057.86382611636
1558,98934.61576301605
1559,64664.598439574314
1560,137367.17790918428
1561,128042.21496831364
1562,134758.7182077692
1563,121127.68963789438
1564,157469.5087996415
1565,152531.77991413962
1566,248430.8973951516
1567,73720.08419153385
1568,242042.5373874382
1569,136894.84334123836
1570,148581.03715344463
1571,125221.91406315644
1572,142623.74420998475
1573,237010.525232452
1574,121605.19755387641
1575,223675.52526088883
1576,254465.00646422445
1577,189381.83498860092
1578,144229.27447763283
1579,144361.89451309547
1580,193185.56282740025
1581,155489.98665272287
1582,127139.4220329552
1583,299377.83741531294
1584,219598.1232883532
1585,140378.96909883077
1586,68929.3800541986
1587,112172.052676845
1588,153610.76879060786
1589,93857.01927535645
1590,132606.34561711305
1591,90468.43507439342
1592,108115.69520224078
1593,120842.41392664224
1594,128452.60599517815
1595,113209.5408918871
1596,224938.75798225758
1597,194906.8777482256
1598,228545.27139208818
1599,174232.45694101712
1600,168813.67168338463
1601,65141.15128019156
1602,111241.1954606917
1603,68454.91130691278
1604,254743.62032112273
1605,241725.8979195216
1606,164515.65227002447
1607,169798.80352749873
1608,218968.9114944891
1609,183672.84013933767
1610,150105.31098816398
1611,143932.05944994595
1612,169618.3414596568
1613,163196.65729380737
1614,117404.48180879494
1615,88610.33376308679
1616,75497.97529627748
1617,89098.1877176067
1618,127283.42409432
1619,144136.06553014403
1620,161883.59314745938
1621,139651.85173962492
1622,144979.26327935123
1623,256015.10374217998
1624,213256.44176886685
1625,119720.46456856134
1626,170354.3851170959
1627,184787.9163652964
1628,277899.63042549073
1629,181849.18909723443
1630,338038.22264294804
1631,231411.55507389826
1632,241735.44458220663
1633,175543.45809767334
1634,183973.7793701916
1635,178333.55875568095
1636,152969.51167655745
1637,191381.0625354702
1638,189137.54162241425
1639,184005.43012791188
1640,247443.67312284067
1641,178462.62605592623
1642,244775.94623304612
1643,218251.72753704604
1644,235521.3779132308
1645,194564.50882876187
1646,161160.8963571532
1647,157498.45852769437
1648,127976.28077864373
1649,143472.58218598348
1650,109211.64485698793
1651,118906.68128252271
1652,101097.17022167738
1653,102713.94332608263
1654,143395.99982964314
1655,138016.13189673424
1656,140127.37204015278
1657,148306.0212352752
1658,144557.21766613197
1659,119415.09627990275
1660,160387.74152846175
1661,448959.6941235379
1662,385338.6542307344
1663,384286.8935957318
1664,476940.77168306394
1665,305542.47445900633
1666,323760.03962874494
1667,362114.2956741873
1668,352049.26167381986
1669,309076.5442515382
1670,351815.2472327879
1671,265191.3904438864
1672,414926.4009561653
1673,305695.9006112996
1674,240932.3797251885
1675,200639.73776371655
1676,200444.5247342162
1677,221308.32532161704
1678,462168.9477743333
1679,379729.35348729923
1680,322360.2909678345
1681,251642.24725642326
1682,326063.09572763206
1683,177854.13247010147
1684,176636.11790488218
1685,177863.92359920547
1686,169873.6701234269
1687,173233.58591830157
1688,191318.95276566918
1689,193915.5054083912
1690,201276.5114460956
1691,189789.89327327826
1692,263313.2511667055
1693,174902.08397640553
1694,178455.18857795597
1695,166350.74348802274
1696,265562.5158113521
1697,168617.31769441863
1698,352984.62889409054
1699,317342.38182253425
1700,257906.87032790727
1701,278080.515831127
1702,252392.52260302368
1703,251856.81373293835
1704,284107.44243354833
1705,245186.77371540634
1706,412673.44429338037
1707,206414.88380412222
1708,203206.5665556227
1709,276483.8080012734
1710,228435.85069762828
1711,285615.01451005414
1712,264087.35626802035
1713,268385.89762527583
1714,218206.55575555307
1715,213384.76940641852
1716,183949.18953235468
1717,176675.54615620695
1718,133453.46478223574
1719,211336.13841383313
1720,238140.79088559808
1721,162088.44186354862
1722,123125.59504140847
1723,153111.00968110468
1724,210739.66971792397
1725,242100.9858375631
1726,183765.89629813872
1727,156728.7411867691
1728,175253.08132468286
1729,168764.1791094576
1730,155763.12311731043
1731,123404.17712529338
1732,129143.76275906235
1733,117258.13684500047
1734,124961.69489225394
1735,129352.99568061864
1736,114359.31037310568
1737,307721.81983477797
1738,248406.07473720092
1739,230915.81307444058
1740,210585.8313405611
1741,194719.1190219747
1742,173800.24734867667
1743,179448.83632665343
1744,318260.15198217175
1745,222513.08200242658
1746,189445.04319291777
1747,223213.06557948733
1748,214566.5030717271
1749,149534.23268356855
1750,124460.14651939669
1751,240699.66112680678
1752,117773.95234614854
1753,143400.97221659054
1754,183108.2772582088
1755,170684.7047697499
1756,122911.86410422533
1757,122691.88373932612
1758,148390.16048016367
1759,161502.11325441176
1760,162820.39465084524
1761,142320.97747964336
1762,178860.6174489533
1763,173174.7514518714
1764,120281.49525946146
1765,173954.98664987818
1766,172215.8417381842
1767,208350.89188412693
1768,140134.37339931773
1769,167373.56368171223
1770,156574.01176590542
1771,127677.2143239906
1772,132842.8419714082
1773,126870.26305079949
1774,138156.3325847695
1775,140001.67856910106
1776,130472.51047187824
1777,105733.16088951609
1778,140080.93983278875
1779,124307.53242293281
1780,171849.0445988134
1781,126394.63111890577
1782,90136.08641701884
1783,148462.4842356879
1784,106947.78931476784
1785,113068.96640117724
1786,146383.70860223428
1787,166008.17781617647
1788,61167.331496896826
1789,99644.60075994403
1790,83584.31061456735
1791,176317.75895948417
1792,147132.6352928416
1793,133129.95169709477
1794,155080.49074613317
1795,134455.9234466514
1796,135023.6797714842
1797,106980.43989300479
1798,124239.73019101673
1799,115515.31045974825
1800,139848.9837751986
1801,130217.17245307978
1802,135529.17447668692
1803,145796.0215958683
1804,143416.7469052806
1805,136493.99893994458
1806,120722.13805024402
1807,134573.74011815494
1808,130925.90481995916
1809,131030.32623327052
1810,137115.13112233637
1811,86029.92411094872
1812,94114.51400467414
1813,123754.59002626078
1814,92428.88086059365
1815,52973.53878258374
1816,99610.23548800302
1817,116527.66777280733
1818,146660.2561216908
1819,129864.06357728904
1820,55133.711195308955
1821,114819.62977011027
1822,152940.78985262645
1823,45156.518656254586
1824,130091.66392057131
1825,145881.2269646514
1826,113587.61805714588
1827,100206.79049613861
1828,138316.0899623828
1829,118572.91951320428
1830,143555.01146949857
1831,142385.25339020672
1832,77907.58091171508
1833,137290.9262410534
1834,123793.7499952303
1835,119757.70562454284
1836,115390.68562974887
1837,86220.39431780827
1838,130337.62594011861
1839,96551.4527030899
1840,153724.50623729505
1841,140257.26190042606
1842,92204.84226190706
1843,135458.56414034188
1844,147401.32522648142
1845,151683.12831526165
1846,152520.012558518
1847,170930.72415250045
1848,54597.12840034173
1849,102887.77241038409
1850,119673.38782949229
1851,156677.51345316757
1852,126843.71466447164
1853,130275.30524834589
1854,164497.43481597712
1855,158301.0394894915
1856,222367.95215664612
1857,131990.15549012466
1858,132871.4800360555
1859,115686.51795648143
1860,151335.82699932912
1861,116624.72326636908
1862,311699.2814706942
1863,283187.9410859465
1864,280966.5586003688
1865,354288.85174365394
1866,326651.60572023166
1867,229371.5919402308
1868,294867.10000049777
1869,202899.9189014476
1870,234812.47044777306
1871,254397.72277813795
1872,180338.458850046
1873,244794.09769475728
1874,144722.74658925278
1875,198105.14239421958
1876,194626.69536160005
1877,208249.01325724818
1878,195084.4740986367
1879,132151.4704835677
1880,131239.87286522178
1881,250458.63494497427
1882,248401.91368235138
1883,187266.3358768245
1884,200168.93783319346
1885,227722.42220404116
1886,277881.7592228184
1887,207063.55988698683
1888,267202.57359491097
1889,172796.9051550936
1890,129360.7328609123
1891,129304.22728736875
1892,98702.92530854575
1893,131105.92551142556
1894,118725.84686608099
1895,137668.6600911609
1896,125199.68099738099
1897,116964.7964528804
1898,119677.28630390164
1899,161781.88789716578
1900,151811.11775246303
1901,173856.68250472774
1902,144641.8432656706
1903,219897.86452594103
1904,146933.12771960723
1905,193791.92258264945
1906,161222.45592150366
1907,211656.4802700077
1908,107203.2988179722
1909,135149.95164504656
1910,121546.16442967503
1911,226515.00715257335
1912,335434.425857395
1913,145068.2894022574
1914,53877.54808018426
1915,316985.14472263306
1916,69516.6851396118
1917,249704.0105304436
1918,141042.2215902566
1919,172736.32281531155
1920,153524.25219249708
1921,378470.78034349805
1922,322154.37671111384
1923,224705.15249762218
1924,235122.39910492214
1925,199298.19940173076
1926,383547.6871432341
1927,135821.56787173767
1928,154376.9130002919
1929,126470.71187785707
1930,139795.98488398056
1931,140037.70674108088
1932,139785.61040910965
1933,185083.41406889714
1934,174316.4727627861
1935,172521.7861645489
1936,186994.585380073
1937,182167.18765717224
1938,170968.09740152568
1939,247393.91778816373
1940,184432.0272077517
1941,167634.7349348706
1942,180088.34499908146
1943,219159.37236363126
1944,378212.56672367477
1945,396961.7340394682
1946,140440.2445400383
1947,319721.9007206204
1948,170639.5633224558
1949,234898.1318333819
1950,183702.49881671686
1951,246663.91322988833
1952,208987.73720310288
1953,172693.48111635546
1954,190922.72846821212
1955,136100.7285853295
1956,300682.4406438596
1957,149410.729737197
1958,281235.68669774616
1959,145781.46784410978
1960,116812.58019230663
1961,123069.13960869928
1962,99606.36345741939
1963,105222.677427389
1964,107391.1862192506
1965,138047.33431590322
1966,136235.79574608104
1967,311685.72022472444
1968,412481.9660240687
1969,384139.93280503247
1970,408484.9591632432
1971,456725.84474115906
1972,374788.96919627534
1973,288868.57372449676
1974,323355.4043456575
1975,501222.61288184987
1976,277884.2230690798
1977,360347.1371782794
1978,331430.38973771216
1979,330459.8385503467
1980,210550.90613573955
1981,343208.9837802815
1982,226125.92915069978
1983,212975.11079811264
1984,168062.29749489503
1985,219574.51679737188
1986,213533.38672633757
1987,180799.37636431662
1988,178257.33470239237
1989,190898.36210345314
1990,212921.75067176126
1991,233990.83080204175
1992,214282.13921122235
1993,169766.43602575923
1994,216502.79017793553
1995,183052.3192830469
1996,256729.84844484102
1997,304119.6566012927
1998,319822.1897499275
1999,282839.414019775
2000,322331.9248580792
2001,289739.88096022187
2002,240306.15503280444
2003,255784.523669947
2004,306386.55903960357
2005,218953.87727347563
2006,218398.3131642758
2007,257988.31223666505
2008,224935.44861550324
2009,198449.21208636867
2010,196918.12552427
2011,143776.48496356054
2012,176334.10893241645
2013,183157.18371632384
2014,187011.3713254296
2015,213832.14400940677
2016,195973.22834765032
2017,199947.06641792113
2018,121204.88972189283
2019,137134.7055594022
2020,100915.87404575375
2021,107944.75600232546
2022,190084.67789097145
2023,143859.34237961445
2024,274479.99113346415
2025,354245.9113697467
2026,173816.41063731394
2027,159955.04111859945
2028,151220.37797891797
2029,161064.5511901313
2030,263739.48130485666
2031,229205.8133182317
2032,242474.8913298418
2033,248144.79133806346
2034,166421.66779077644
2035,219397.67596173575
2036,195040.62761533586
2037,207586.09332548408
2038,302059.46642474196
2039,236296.62448203456
2040,299388.4986568782
2041,304679.8016511501
2042,205041.28229623925
2043,166110.9046307102
2044,155136.83293525327
2045,210098.58508910437
2046,144106.41065183116
2047,142499.92879198628
2048,138756.03363620857
2049,134186.21830138224
2050,175904.19520829263
2051,100145.48787632622
2052,121276.89665326894
2053,148095.36663710626
2054,97729.06812798536
2055,157798.2346300901
2056,156196.60838201913
2057,111948.72891271052
2058,217149.54615927758
2059,133767.21956060192
2060,167706.08114699408
2061,167952.879818821
2062,130505.39643317804
2063,126675.15736436917
2064,139414.905458223
2065,118334.18891797922
2066,172436.92865269908
2067,113949.97911931279
2068,138569.47226159013
2069,83846.56649700779
2070,111368.44039789995
2071,94803.12330040112
2072,138091.28627629578
2073,136291.62328002843
2074,180543.7490100964
2075,151527.4157906865
2076,115877.39614687597
2077,156958.52176461305
2078,128619.93783139755
2079,127836.70349395543
2080,119497.1424664942
2081,123750.38822455089
2082,115944.86709056566
2083,147631.54567357956
2084,111818.56062379414
2085,117100.7145288552
2086,119258.44660718288
2087,116195.41507926902
2088,94463.24629898903
2089,75488.24012980345
2090,123765.14429556909
2091,117377.94624891259
2092,123209.75714441357
2093,111240.52440000144
2094,112398.82009323883
2095,152729.747424288
2096,86644.27557773648
2097,96534.78706862598
2098,146604.25337985493
2099,59375.159102174315
2100,82042.79851808959
2101,113180.64567978923
2102,125026.94918220627
2103,107380.98395433897
2104,139120.43375977236
2105,129785.30623055191
2106,67343.31720784129
2107,195449.91976313872
2108,117622.40976637833
2109,112039.89432912141
2110,123466.24313806322
2111,141027.1909370419
2112,141013.07564874078
2113,120525.83829622768
2114,123321.62390480234
2115,162488.77717011858
2116,115543.0729196883
2117,150700.7442501237
2118,131620.92991548838
2119,112213.74068380962
2120,119589.86426962807
2121,89051.07711863228
2122,122518.47091885406
2123,81374.97336525534
2124,163522.29933506864
2125,121494.96203690083
2126,160251.72393319604
2127,153037.04714082216
2128,128323.60573352508
2129,94027.29017768908
2130,138833.23339849256
2131,147638.23856843397
2132,115936.20278304213
2133,116465.38400721177
2134,126038.2417372741
2135,94442.12067497194
2136,83326.8251061591
2137,111231.52779149615
2138,134604.26761514958
2139,147470.80899793212
2140,145741.6136752913
2141,163444.8569286907
2142,131622.08356105734
2143,141342.41431253758
2144,114851.35173764656
2145,142742.3005674637
2146,174376.72591440327
2147,137566.54813363493
2148,139638.31919698638
2149,154994.87107108693
2150,240807.5840867768
2151,120269.17979256214
2152,158853.24825784005
2153,154205.83913404512
2154,100857.07415264417
2155,145781.87462657783
2156,246952.29665661868
2157,226128.94525897244
2158,242601.42405045882
2159,217650.64495612474
2160,182769.93614388772
2161,239789.31132569246
2162,367776.37509226275
2163,365168.57547714893
2164,253253.4244923923
2165,211107.81718198062
2166,153305.77761995763
2167,216200.88094786636
2168,201803.62845762147
2169,200728.77693497197
2170,218664.7340438774
2171,155641.10053568214
2172,131085.93887302472
2173,161331.9289420623
2174,218454.96496875465
2175,280839.3988700043
2176,306544.21283428057
2177,232530.15238142313
2178,216201.55381179793
2179,138092.76914534066
2180,200059.4589945708
2181,188774.6827100492
2182,227585.08581237093
2183,192101.9183124088
2184,115622.12257719412
2185,130405.7965771957
2186,138772.22798743728
2187,155594.41781999578
2188,159583.5395479021
2189,258619.40185916
2190,82160.07245946667
2191,81357.79157717979
2192,88085.83906122435
2193,111759.04437317511
2194,103802.3650773767
2195,114229.16149633648
2196,105119.42806710767
2197,111023.59089339951
2198,152488.03371588522
2199,185586.20751528742
2200,148777.39728190942
2201,151154.77407174572
2202,214563.1171164572
2203,146827.88529303105
2204,179775.68233907124
2205,112750.7996369695
2206,135171.3198089475
2207,231651.49875128348
2208,276972.3946844352
2209,234189.8379290402
2210,118692.59385382282
2211,111242.68821526862
2212,112424.48085264172
2213,105898.70668940734
2214,125197.91585719513
2215,103905.96638381941
2216,145246.4523484924
2217,62521.74559671596
2218,66568.47914373138
2219,60253.684215113986
2220,63469.75382317933
2221,317985.5293378926
2222,269956.62409495993
2223,283486.13107114244
2224,211105.02574048223
2225,122175.11217971273
2226,175825.69614536827
2227,196144.05402396742
2228,275472.5840720631
2229,259283.47496660816
2230,150726.29778994393
2231,218955.75610507355
2232,172183.18107521368
2233,189285.1598256457
2234,245977.55344233266
2235,209318.51773012767
2236,253420.50861240417
2237,309594.09816118696
2238,203189.74620789068
2239,112476.88151220707
2240,151584.45908753012
2241,154637.18536481413
2242,119485.10731595694
2243,124882.25845186498
2244,108020.64608236808
2245,100409.83756524046
2246,147686.27310989908
2247,108392.01974924433
2248,121269.81268563424
2249,119952.91716453891
2250,130945.9078366451
2251,117795.09340394623
2252,176520.21746590285
2253,154629.2059761466
2254,181994.92092698792
2255,182689.17479672589
2256,182458.25075787402
2257,199842.38502918524
2258,163632.1760919761
2259,171922.66462219472
2260,158920.49116598445
2261,200005.8503727056
2262,216701.71461285464
2263,401332.6948318713
2264,516523.55760672886
2265,160371.56766490272
2266,301209.56468954607
2267,364306.3617212886
2268,443686.9664391615
2269,153169.7489885421
2270,207618.4196126253
2271,213137.92756730423
2272,206126.95236086875
2273,164704.9306035906
2274,180298.25266012974
2275,167506.18662044583
2276,192803.50846916277
2277,181317.76789460023
2278,146520.16411560518
2279,124326.45915310238
2280,116988.62864625963
2281,165574.2907808902
2282,181721.69190177094
2283,108175.10945763171
2284,111210.15897843876
2285,138643.01749238733
2286,123442.57922450741
2287,377620.63394049765
2288,289893.2819777626
2289,362324.85748787085
2290,440837.8327361861
2291,346992.609864524
2292,422599.90833131416
2293,473156.22565321403
2294,381639.0109740638
2295,482467.0505643325
2296,271480.096505945
2297,354351.7725496306
2298,335661.17668627965
2299,352287.9836237233
2300,337164.20926900685
2301,342178.0482046391
2302,251783.70949114166
2303,239427.24325953817
2304,239757.6298420466
2305,200643.25923537175
2306,193287.52343271684
2307,199628.16836031238
2308,232105.714462237
2309,281091.2271092518
2310,223602.82631032632
2311,197990.58479654993
2312,176686.3758349894
2313,172442.66155632818
2314,179090.02464804082
2315,179855.47681625182
2316,194820.72117848633
2317,190235.20703455713
2318,182157.7761207793
2319,178479.7950484112
2320,176267.22711137737
2321,239194.54477259045
2322,178472.99325803743
2323,197211.14498102898
2324,186939.09825920354
2325,208834.10333082575
2326,181469.54840601495
2327,200928.6264241098
2328,219086.5266181616
2329,185953.88717643658
2330,173691.3332751694
2331,345647.9973532904
2332,388087.0423189809
2333,315636.8574725813
2334,260651.3925650218
2335,284489.25339314446
2336,306523.53393722576
2337,193075.64555664934
2338,272137.45619650703
2339,214101.0725817578
2340,396042.79145622364
2341,209274.55109540178
2342,232354.51488422308
2343,231122.44280199072
2344,212462.37227321506
2345,222745.28570404876
2346,212017.10498815827
2347,197663.13742563166
2348,246788.94618107018
2349,182640.88675209347
2350,323333.87538030924
2351,258690.79431590863
2352,260319.37284792258
2353,247676.85419896437
2354,135607.88134590277
2355,147719.4264616936
2356,151193.5398506543
2357,187591.14364718253
2358,197468.25767784892
2359,133063.84325830417
2360,120924.66045733694
2361,143489.379785979
2362,265784.3793528259
2363,133128.1089402019
2364,161657.98127349475
2365,218425.32492263394
2366,195699.17659453957
2367,217295.1055665781
2368,211713.05901501258
2369,206480.8963296416
2370,165102.3997824166
2371,163465.57167453086
2372,190320.61142425332
2373,275382.2604127043
2374,301984.2355794439
2375,237300.35414878977
2376,281109.41134986526
2377,337845.60466221254
2378,151177.85372728575
2379,190827.3415513453
2380,148801.1005373559
2381,162806.29497089365
2382,201139.3945175281
2383,198170.62192183034
2384,242826.76319683532
2385,162488.3232481228
2386,134983.6740167792
2387,140672.1603060022
2388,106003.63717934361
2389,130632.64769280366
2390,155561.5252179719
2391,141586.3687246626
2392,118301.78068008868
2393,170298.9948052378
2394,139072.90639515905
2395,200192.4885696315
2396,145645.2859436072
2397,209408.63369246168
2398,127494.95505308687
2399,65083.40569834451
2400,64465.16846450058
2401,118903.0361990661
2402,135263.46331826103
2403,140456.82928748385
2404,155628.2607332346
2405,151649.4442495596
2406,140793.3861462353
2407,118682.08660465981
2408,143467.07360717547
2409,118867.62350772184
2410,166023.63213546106
2411,119713.85191637007
2412,153567.07406955195
2413,131665.82416731617
2414,152441.87410720857
2415,128609.31563068864
2416,126053.09112844734
2417,130908.07675595325
2418,131706.37526866473
2419,120398.18985749128
2420,126713.76440001259
2421,143116.41561536753
2422,115731.44193645967
2423,116087.74471697917
2424,159898.78153997293
2425,202762.61909811964
2426,126523.05894934942
2427,143236.65415570652
2428,175411.46714194657
2429,114245.80524994872
2430,130950.70201245617
2431,112030.08549428298
2432,152188.46427314967
2433,143942.21502380396
2434,137476.5558176221
2435,150191.1430665699
2436,108428.4286942083
2437,109728.41809985883
2438,123217.16828025263
2439,103981.05486600024
2440,121927.97949205966
2441,83953.65983919306
2442,93827.19170539868
2443,127268.61503502946
2444,142519.52872785457
2445,85539.8709177212
2446,127718.16497291603
2447,183270.17731173456
2448,133006.13086150718
2449,114093.7642782505
2450,152131.19881364444
2451,126807.53312519552
2452,199123.40261795308
2453,93758.31321309204
2454,120740.63401294405
2455,119208.13374404637
2456,135656.9296351305
2457,140097.70547107377
2458,139661.66446768417
2459,110653.27678077546
2460,143504.23569344135
2461,127468.03085478599
2462,131878.79162370565
2463,126988.05742641805
2464,170558.46463884035
2465,148611.08269767332
2466,110564.53445669553
2467,137415.01471637894
2468,89423.25163652089
2469,80920.48671100497
2470,195565.97765956869
2471,198425.16964392268
2472,164752.9523221093
2473,107562.49739250142
2474,81733.52015580669
2475,213026.64295266068
2476,112996.65708811923
2477,130088.96476090209
2478,149382.893831036
2479,108531.61516336833
2480,155914.67846314528
2481,129496.01556652898
2482,123468.67067782371
2483,116198.33127900565
2484,126592.61444671647
2485,130231.32570386631
2486,155800.79443395225
2487,179670.2278966198
2488,164695.0748731527
2489,156027.04773246235
2490,147744.48942604338
2491,88630.18013419537
2492,192592.11981178308
2493,171447.16801819252
2494,149408.83150988893
2495,89177.24493394024
2496,244077.01861568884
2497,150296.02199574444
2498,112006.89120074429
2499,83671.20215301796
2500,119535.98532183835
2501,130245.11993260044
2502,140822.78852215176
2503,89342.87292958022
2504,171242.78398088628
2505,232590.0921565784
2506,258387.82851690723
2507,276064.181388306
2508,257779.37679549327
2509,218638.43856247934
2510,218235.04483973605
2511,174864.4628267333
2512,207604.02887060074
2513,216335.0170614616
2514,267096.39940924395
2515,153271.3532751163
2516,177674.48337397366
2517,145300.78740401976
2518,150085.58726293832
2519,233370.4969737253
2520,218828.54149264566
2521,188664.44992267253
2522,221781.81605669638
2523,122449.88131895303
2524,136058.85364464167
2525,142174.91711988754
2526,145703.5534647444
2527,127104.00908082494
2528,132092.09423020913
2529,139423.9027381184
2530,129632.52470046082
2531,240451.0812180804
2532,225899.61627426394
2533,194575.212087848
2534,234919.76570125404
2535,278769.82559923804
2536,235030.0422254392
2537,238384.08329997593
2538,183540.0078740544
2539,188661.6507007102
2540,176177.69464801493
2541,185286.43834592888
2542,165904.15006526615
2543,120823.22124404921
2544,114951.56233842911
2545,138499.36179253203
2546,124522.57991995977
2547,138229.61987353113
2548,151169.05048352206
2549,159358.1025478835
2550,724962.0883125697
2551,143491.53141742302
2552,124029.8376663504
2553,77749.12565083842
2554,93251.7831906274
2555,116026.43266347807
2556,103524.6396752478
2557,101768.04603468228
2558,156573.60653448134
2559,134405.5212522302
2560,158478.7468052392
2561,150616.64789517375
2562,141250.95677791175
2563,149811.50062230715
2564,189497.56667374205
2565,137396.49485310877
2566,161729.6403415091
2567,131915.56098513494
2568,199481.94209092
2569,233271.22629495774
2570,116940.66101986561
2571,182421.83076797533
2572,149406.84269205935
2573,234211.02847384053
2574,328777.1597235218
2575,134164.27719094246
2576,113376.13540778522
2577,151528.90541735207
2578,79151.06763003234
2579,66324.74459638208
2580,82509.42589343895
2581,92843.33110990046
2582,92659.5043394885
2583,286857.84216757456
2584,177742.6776496365
2585,188580.36235562043
2586,212538.64542204834
2587,193546.80874181745
2588,138621.85165778606
2589,148829.6624689221
2590,200428.75569070783
2591,218775.84293602227
2592,201739.11924703006
2593,251187.43966128366
2594,186947.9003582501
2595,197025.33384581504
2596,294596.12030522793
2597,179749.03675951398
2598,274771.8602209855
2599,324114.2069297627
2600,142074.92280503732
2601,134958.81189225978
2602,81146.35083614208
2603,95148.66079533889
2604,84042.6952663143
2605,79542.99083727994
2606,153067.6681641376
2607,197030.48033453184
2608,197581.95482843157
2609,168631.7779801358
2610,106449.5147557111
2611,123898.97106502592
2612,156802.21688668287
2613,133629.58878409764
2614,126939.31945940955
2615,150472.91066794694
2616,144673.75136530254
2617,173130.55391089054
2618,206708.1554672655
2619,195125.91551216235
2620,179367.93799242628
2621,177471.75143948538
2622,176717.89604546715
2623,240525.6065510755
2624,281438.8481708176
2625,273163.51117766806
2626,168389.583345392
2627,162570.1081777712
2628,507913.7319967795
2629,539273.1092453955
2630,404563.0571114769
2631,459823.3518193541
2632,441555.99402719404
2633,315275.7340520934
2634,423398.34936950426
2635,150623.1044956595
2636,173773.12922365565
2637,173172.2901482858
2638,262082.0280672951
2639,193121.98717058546
2640,148522.23955511418
2641,103088.4101640228
2642,183444.340370126
2643,103590.41489207819
2644,123672.85318242414
2645,109959.38751701702
2646,97620.51064071323
2647,103719.97721445656
2648,142061.00132603728
2649,152798.8917033328
2650,132495.11233311854
2651,141045.68541975497
2652,396511.9239343578
2653,261378.0155482975
2654,264976.6501973723
2655,391601.7203488369
2656,343211.4825105254
2657,334488.35310707416
2658,304294.74256141705
2659,308432.02593812
2660,357403.80630509177
2661,360011.2533533052
2662,371773.7596837189
2663,281829.3922401482
2664,275428.40504165646
2665,331637.91937966575
2666,294887.10707277927
2667,170715.56888806153
2668,180788.93006172354
2669,180017.2965991203
2670,278139.38823769457
2671,186784.9644549807
2672,193994.78309845427
2673,197081.56989658074
2674,194330.9118098813
2675,170090.4103923842
2676,194242.52369294368
2677,190711.12350507066
2678,235180.73537973425
2679,286193.140427478
2680,289334.01587492746
2681,393472.72655979614
2682,327198.38741426315
2683,503574.6290816412
2684,323963.5660108187
2685,319288.32991719863
2686,249308.19765875128
2687,304102.43841936206
2688,212619.66034840795
2689,206678.72182691164
2690,390324.3628163465
2691,190146.745326939
2692,137339.22795015518
2693,200904.50672720282
2694,133899.46307728637
2695,193387.1035097515
2696,186086.54447111543
2697,180189.31653979223
2698,184980.39561521696
2699,173553.39370344495
2700,160323.47848080474
2701,152864.7410606508
2702,110123.40668999778
2703,119139.10396758023
2704,146626.49515765908
2705,117589.17002204733
2706,113258.32158965652
2707,122744.1713846914
2708,134270.47156940665
2709,101271.12145074966
2710,125590.57454796918
2711,279742.29349255294
2712,388845.64033613144
2713,171330.91423502978
2714,152175.90529106845
2715,168096.40026954527
2716,143753.95986836302
2717,192771.87644518295
2718,218034.5453015471
2719,155860.99870456572
2720,167407.68313665458
2721,134581.06599937798
2722,156641.34381030878
2723,143847.54843004365
2724,127671.92594876284
2725,132600.07195258653
2726,149977.69978721737
2727,180836.18346618002
2728,175935.83613131175
2729,146739.3575478258
2730,143180.33056533863
2731,124656.00630171066
2732,138039.1868978949
2733,158324.52959630775
2734,150362.90837455133
2735,135875.3025773901
2736,144201.5210642753
2737,125322.89796694748
2738,132401.45042668775
2739,156847.64174128327
2740,136772.68516831085
2741,144506.08038792445
2742,155393.10820006373
2743,147944.1705467089
2744,158270.45785989522
2745,142778.36381625725
2746,142175.55955687867
2747,156797.71891595982
2748,128308.5138536747
2749,126725.50168645298
2750,134330.33258145532
2751,135539.2321993532
2752,202735.38728849203
2753,150746.74447163998
2754,210951.27932838284
2755,130710.7027344419
2756,99125.73997637574
2757,67780.30835020193
2758,91210.68743289732
2759,170121.70085513388
2760,120874.772831542
2761,142281.77558569316
2762,144150.29915765862
2763,175768.62284630755
2764,155757.44899402882
2765,273539.08936452295
2766,141789.85135635032
2767,90431.37868234399
2768,126395.21274836418
2769,129309.7549776041
2770,137436.4264778129
2771,109330.31095640027
2772,106551.45424033309
2773,172504.101646652
2774,139773.0470483031
2775,108088.64670082457
2776,146467.0576407984
2777,147076.3558353271
2778,102661.17505525246
2779,121924.08906016136
2780,92610.6177065247
2781,93100.22741488305
2782,102117.28215588958
2783,95948.14382784956
2784,119462.6619692493
2785,138937.1093947411
2786,66979.15642037375
2787,118680.17894869957
2788,70449.44917653372
2789,155715.99281672083
2790,99879.37997778565
2791,113251.93096648184
2792,48033.12148043377
2793,168451.75097472587
2794,101214.85963785929
2795,125078.44725459265
2796,96204.85404692375
2797,196500.80608972197
2798,100354.97348547484
2799,108885.27671063996
2800,69501.90487012557
2801,104358.42101603748
2802,130929.3702164367
2803,161119.35554742315
2804,135984.56717542702
2805,98460.87600265627
2806,83150.00829859957
2807,163197.97089990598
2808,153176.49423275463
2809,133250.98279019145
2810,132075.84916898565
2811,156722.56814328584
2812,153653.8824789046
2813,144851.04400691314
2814,150347.47779536288
2815,90986.22593178766
2816,228329.14476256832
2817,163011.9019635047
2818,136982.3449634243
2819,177085.47180738085
2820,141019.4354736507
2821,105936.67329664357
2822,190723.84756987478
2823,297665.3727931356
2824,167530.25505514388
2825,142872.2311275832
2826,135604.6710568197
2827,134728.80603133523
2828,212938.09609060193
2829,208311.44373232298
2830,214906.24971729197
2831,181421.17925875576
2832,238040.37161930138
2833,296975.9800614521
2834,219574.3316571704
2835,220117.69950000962
2836,196818.8970858354
2837,165167.41421065526
2838,148915.78874338217
2839,180552.37169239248
2840,197884.9146448372
2841,202720.080376129
2842,232147.97261330977
2843,147099.39094720152
2844,164051.8964603695
2845,122856.7731434329
2846,208863.49648347136
2847,202542.7265162795
2848,217847.55670689675
2849,197118.06003962184
2850,277132.96783140243
2851,208348.126444342
2852,238874.34223511425
2853,244860.8800028554
2854,140619.88171090613
2855,202001.4077167178
2856,199579.7730217893
2857,190974.64388890186
2858,199193.60774773167
2859,127041.46007264471
2860,134341.27479290517
2861,125858.11024162438
2862,195745.13329127568
2863,130737.27974074525
2864,248679.86251883995
2865,142635.97187103808
2866,140081.27047704003
2867,97854.35424977429
2868,100735.21235581196
2869,96655.74660701939
2870,131267.86676599897
2871,89459.6512606668
2872,57688.77034899528
2873,96063.64048269202
2874,128886.07975750027
2875,114489.16034803238
2876,165123.7374099954
2877,142725.63333871585
2878,166725.66312268018
2879,140343.75165376347
2880,99166.10812994582
2881,148071.64104467552
2882,177040.8687394232
2883,201843.39267445356
2884,202334.76171048344
2885,187721.9632289544
2886,232140.3915872722
2887,92028.7395167285
2888,138722.92398850736
2889,59251.329914000526
2890,78706.2270349334
2891,141890.3864583929
2892,39801.457372227705
2893,65703.70233521581
2894,51470.112839618
2895,329432.082854461
2896,277605.7468772258
2897,201712.02068411533
2898,145606.729588234
2899,206572.3137575959
2900,160388.45210226614
2901,206083.21064478974
2902,176458.65850424036
2903,328125.29608792206
2904,350560.060793214
2905,84301.16012473682
2906,202146.43509554505
2907,112300.817625969
2908,134580.90920777168
2909,152382.55848520642
2910,77971.28948417585
2911,80408.89687549729
2912,150264.13092965996
2913,78417.25617658964
2914,76651.37871063956
2915,81483.67093350049
2916,81221.41131275737
2917,162518.10064404266
2918,119700.2681504181
2919,222420.41551809572
